-5.642317e-07 0.000000e+00
-1.500001e+00 1.500225e-02
-3.000000e+00 3.000450e-02
-4.500000e+00 4.500675e-02
-6.000000e+00 6.000900e-02
-7.500000e+00 7.501126e-02
-9.000000e+00 9.001350e-02
-1.050000e+01 1.050158e-01
-1.200000e+01 1.200180e-01
-1.350000e+01 1.350202e-01
-1.500000e+01 1.500225e-01
-1.650000e+01 1.650248e-01
-1.800000e+01 1.800270e-01
-1.950000e+01 1.950293e-01
-2.100000e+01 2.100315e-01
-2.250000e+01 2.250338e-01
-2.400000e+01 2.400360e-01
-2.550000e+01 2.550382e-01
-2.700000e+01 2.700405e-01
-2.850000e+01 0.000000e+00
