xx_50_1 zz_50_1 zzRed_50_1
-1.500000e+02 1.500000e+00 1.470495e+00
-1.490045e+02 1.384332e+00 1.357102e+00
-1.480089e+02 1.269716e+00 1.244741e+00
-1.470130e+02 1.157210e+00 1.134448e+00
-1.460168e+02 1.047880e+00 1.027269e+00
-1.450202e+02 9.428022e-01 9.242572e-01
-1.440230e+02 8.430530e-01 8.264701e-01
-1.430251e+02 7.497001e-01 7.349534e-01
-1.420266e+02 6.637802e-01 6.507236e-01
-1.410275e+02 5.862732e-01 5.747411e-01
-1.400276e+02 5.180692e-01 5.078787e-01
-1.390271e+02 4.599320e-01 4.508851e-01
-1.380260e+02 4.124606e-01 4.043474e-01
-1.370245e+02 3.760507e-01 3.686538e-01
-1.360226e+02 3.508616e-01 3.439601e-01
-1.350206e+02 3.367879e-01 3.301632e-01
-1.340184e+02 3.334420e-01 3.268832e-01
-1.330162e+02 3.401469e-01 3.334562e-01
-1.320141e+02 3.559423e-01 3.489409e-01
-1.310122e+02 3.796029e-01 3.721361e-01
-1.300105e+02 4.096696e-01 4.016113e-01
-1.290089e+02 4.444923e-01 4.357491e-01
-1.280074e+02 4.822819e-01 4.727954e-01
-1.270060e+02 5.211693e-01 5.109179e-01
-1.260045e+02 5.592695e-01 5.482686e-01
-1.250029e+02 5.947477e-01 5.830489e-01
-1.240012e+02 6.258840e-01 6.135728e-01
-1.229993e+02 6.511347e-01 6.383269e-01
-1.219973e+02 6.691868e-01 6.560238e-01
-1.209951e+02 6.790020e-01 6.656460e-01
-1.199929e+02 6.798506e-01 6.664779e-01
-1.189908e+02 6.713300e-01 6.581248e-01
-1.179887e+02 6.533688e-01 6.405170e-01
-1.169869e+02 6.262169e-01 6.138991e-01
-1.159853e+02 5.904194e-01 5.788058e-01
-1.149841e+02 5.467798e-01 5.360246e-01
-1.139831e+02 4.963117e-01 4.865492e-01
-1.129825e+02 4.401838e-01 4.315254e-01
-1.119821e+02 3.796610e-01 3.721931e-01
-1.109819e+02 3.160460e-01 3.098294e-01
-1.099819e+02 2.506295e-01 2.456996e-01
-1.089818e+02 1.846702e-01 1.810377e-01
-1.079817e+02 1.194809e-01 1.171307e-01
-1.069815e+02 5.691218e-02 5.579271e-02
-1.059808e+02 1.375318e-03 1.348266e-03
-1.049792e+02 -3.206408e-02 -3.143338e-02
-1.039779e+02 1.117584e-02 1.095601e-02
-1.029777e+02 7.513215e-02 7.365430e-02
-1.019780e+02 1.465301e-01 1.436478e-01
-1.009786e+02 2.217873e-01 2.174248e-01
-9.997937e+01 2.996416e-01 2.937477e-01
-9.898031e+01 3.793165e-01 3.718553e-01
-9.798133e+01 4.600861e-01 4.510362e-01
-9.698237e+01 5.411968e-01 5.305514e-01
-9.598338e+01 6.218791e-01 6.096467e-01
-9.498430e+01 7.013761e-01 6.875800e-01
-9.398506e+01 7.789486e-01 7.636266e-01
-9.298561e+01 8.537691e-01 8.369754e-01
-9.198586e+01 9.243801e-01 9.061975e-01
-9.098555e+01 9.864389e-01 9.670355e-01
-8.998400e+01 1.023660e+00 1.003524e+00
-8.898253e+01 9.839880e-01 9.646329e-01
-8.798223e+01 9.214668e-01 9.033415e-01
-8.698245e+01 8.509274e-01 8.341896e-01
-8.598297e+01 7.763437e-01 7.610729e-01
-8.498369e+01 6.990851e-01 6.853340e-01
-8.398455e+01 6.199621e-01 6.077674e-01
-8.298550e+01 5.397127e-01 5.290965e-01
-8.198648e+01 4.590942e-01 4.500638e-01
-8.098743e+01 3.788757e-01 3.714231e-01
-7.998828e+01 2.998110e-01 2.939137e-01
-7.898899e+01 2.226339e-01 2.182547e-01
-7.798949e+01 1.481601e-01 1.452458e-01
-7.698970e+01 7.781597e-02 7.628532e-02
-7.598935e+01 1.585168e-02 1.553988e-02
-7.498779e+01 -2.170716e-02 -2.128017e-02
-7.398629e+01 1.769544e-02 1.734737e-02
-7.298595e+01 8.001409e-02 7.844020e-02
-7.198614e+01 1.503143e-01 1.473576e-01
-7.098661e+01 2.246221e-01 2.202037e-01
-6.998729e+01 3.015774e-01 2.956453e-01
-6.898810e+01 3.803788e-01 3.728968e-01
-6.798900e+01 4.602967e-01 4.512427e-01
-6.698993e+01 5.405816e-01 5.299483e-01
-6.599083e+01 6.204721e-01 6.082673e-01
-6.499164e+01 6.992213e-01 6.854676e-01
-6.399230e+01 7.761033e-01 7.608372e-01
-6.299276e+01 8.503135e-01 8.335878e-01
-6.199293e+01 9.204528e-01 9.023474e-01
-6.099256e+01 9.823498e-01 9.630269e-01
-5.999099e+01 1.020205e+00 1.000138e+00
-5.898946e+01 9.810463e-01 9.617490e-01
-5.798909e+01 9.188937e-01 9.008189e-01
-5.698925e+01 8.487801e-01 8.320846e-01
-5.598969e+01 7.746841e-01 7.594460e-01
-5.499033e+01 6.979588e-01 6.842299e-01
-5.399111e+01 6.193996e-01 6.072160e-01
-5.299197e+01 5.397302e-01 5.291137e-01
-5.199286e+01 4.596946e-01 4.506524e-01
-5.099373e+01 3.800490e-01 3.725734e-01
-4.999450e+01 3.015352e-01 2.956040e-01
-4.899513e+01 2.248742e-01 2.204509e-01
-4.799556e+01 1.508619e-01 1.478944e-01
-4.699570e+01 8.087605e-02 7.928521e-02
-4.599531e+01 1.902281e-02 1.864863e-02
-4.499373e+01 -1.909424e-02 -1.871865e-02
-4.399218e+01 1.984160e-02 1.945131e-02
-4.299179e+01 8.186184e-02 8.025161e-02
-4.199192e+01 1.518364e-01 1.488498e-01
-4.099234e+01 2.257783e-01 2.213372e-01
-3.999295e+01 3.023375e-01 2.963905e-01
-3.899370e+01 3.807231e-01 3.732343e-01
-3.799454e+01 4.602152e-01 4.511628e-01
-3.699540e+01 5.400737e-01 5.294504e-01
-3.599624e+01 6.195457e-01 6.073592e-01
-3.499698e+01 6.978925e-01 6.841649e-01
-3.399759e+01 7.743967e-01 7.591643e-01
-3.299800e+01 8.482682e-01 8.315827e-01
-3.199812e+01 9.181458e-01 9.000858e-01
-3.099771e+01 9.799771e-01 9.607009e-01
-2.999613e+01 1.018327e+00 9.982967e-01
-2.899456e+01 9.796004e-01 9.603316e-01
-2.799416e+01 9.176825e-01 8.996316e-01
-2.699427e+01 8.478034e-01 8.311270e-01
-2.599467e+01 7.739639e-01 7.587400e-01
-2.499527e+01 6.975137e-01 6.837935e-01
-2.399600e+01 6.192412e-01 6.070606e-01
-2.299682e+01 5.398637e-01 5.292446e-01
-2.199766e+01 4.601192e-01 4.510686e-01
-2.099848e+01 3.807584e-01 3.732689e-01
-1.999921e+01 3.025181e-01 2.965676e-01
-1.899980e+01 2.261139e-01 2.216662e-01
-1.800019e+01 1.523319e-01 1.493355e-01
-1.700030e+01 8.252059e-02 8.089740e-02
-1.599989e+01 2.068920e-02 2.028224e-02
-1.499831e+01 -1.787457e-02 -1.752298e-02
-1.399673e+01 2.065275e-02 2.024651e-02
-1.299631e+01 8.249637e-02 8.087366e-02
-1.199642e+01 1.523210e-01 1.493248e-01
-1.099681e+01 2.261061e-01 2.216586e-01
-9.997391e+00 3.024999e-01 2.965497e-01
-8.998115e+00 3.807146e-01 3.732259e-01
-7.998924e+00 4.600343e-01 4.509853e-01
-6.999763e+00 5.397221e-01 5.291058e-01
-6.000571e+00 6.190285e-01 6.068522e-01
-5.001292e+00 6.972172e-01 6.835028e-01
-4.001873e+00 7.735734e-01 7.583572e-01
-3.002259e+00 8.473134e-01 8.306466e-01
-2.002363e+00 9.170974e-01 8.990580e-01
-1.001947e+00 9.789509e-01 9.596949e-01
-3.715922e-04 1.017716e+00 9.976971e-01
1.001221e+00 9.793856e-01 9.601210e-01
2.001641e+00 9.175912e-01 8.995421e-01
3.001536e+00 8.477824e-01 8.311065e-01
4.001147e+00 7.740057e-01 7.587809e-01
5.000564e+00 6.976184e-01 6.838962e-01
5.999842e+00 6.194090e-01 6.072252e-01
6.999033e+00 5.400933e-01 5.294696e-01
7.998195e+00 4.604077e-01 4.513514e-01
8.997387e+00 3.811020e-01 3.736057e-01
9.996666e+00 3.029126e-01 2.969543e-01
1.099608e+01 2.265546e-01 2.220983e-01
1.199570e+01 1.528111e-01 1.498053e-01
1.299559e+01 8.301589e-02 8.138296e-02
1.399600e+01 2.111666e-02 2.070129e-02
1.499757e+01 -1.784465e-02 -1.749365e-02
1.599917e+01 2.028435e-02 1.988536e-02
1.699959e+01 8.205330e-02 8.043931e-02
1.799948e+01 1.518849e-01 1.488973e-01
1.899908e+01 2.256989e-01 2.212594e-01
1.999849e+01 3.021294e-01 2.961865e-01
2.099776e+01 3.803857e-01 3.729035e-01
2.199695e+01 4.597512e-01 4.507078e-01
2.299610e+01 5.394887e-01 5.288769e-01
2.399529e+01 6.188474e-01 6.066746e-01
2.499456e+01 6.970895e-01 6.833777e-01
2.599397e+01 7.734989e-01 7.582841e-01
2.699357e+01 8.472915e-01 8.306252e-01
2.799346e+01 9.171362e-01 8.990960e-01
2.899386e+01 9.791058e-01 9.598467e-01
2.999541e+01 1.018265e+00 9.982357e-01
3.099701e+01 9.803494e-01 9.610658e-01
3.199743e+01 9.185840e-01 9.005154e-01
3.299730e+01 8.486908e-01 8.319970e-01
3.399690e+01 7.747924e-01 7.595522e-01
3.499629e+01 6.982671e-01 6.845321e-01
3.599555e+01 6.199094e-01 6.077157e-01
3.699471e+01 5.404380e-01 5.298075e-01
3.799385e+01 4.605919e-01 4.515320e-01
3.899302e+01 3.811241e-01 3.736273e-01
3.999227e+01 3.027746e-01 2.968190e-01
4.099166e+01 2.262623e-01 2.218117e-01
4.199125e+01 1.523734e-01 1.493762e-01
4.299112e+01 8.243903e-02 8.081745e-02
4.399151e+01 2.037153e-02 1.997082e-02
4.499305e+01 -1.899541e-02 -1.862177e-02
4.599464e+01 1.868915e-02 1.832154e-02
4.699504e+01 8.047291e-02 7.889000e-02
4.799490e+01 1.504688e-01 1.475090e-01
4.899447e+01 2.245020e-01 2.200861e-01
4.999384e+01 3.011780e-01 2.952538e-01
5.099307e+01 3.796963e-01 3.722276e-01
5.199222e+01 4.593348e-01 4.502996e-01
5.299133e+01 5.393512e-01 5.287421e-01
5.399047e+01 6.189892e-01 6.068136e-01
5.498969e+01 6.975049e-01 6.837849e-01
5.598906e+01 7.741756e-01 7.589475e-01
5.698863e+01 8.482108e-01 8.315264e-01
5.798848e+01 9.182768e-01 9.002142e-01
5.898884e+01 9.804719e-01 9.611860e-01
5.999036e+01 1.020065e+00 1.000000e+00
6.099195e+01 9.826342e-01 9.633057e-01
6.199233e+01 9.208105e-01 9.026981e-01
6.299216e+01 8.506682e-01 8.339355e-01
6.399170e+01 7.764451e-01 7.611723e-01
6.499104e+01 6.995567e-01 6.857964e-01
6.599024e+01 6.208119e-01 6.086005e-01
6.698934e+01 5.409379e-01 5.302977e-01
6.798842e+01 4.606821e-01 4.516204e-01
6.898752e+01 3.808060e-01 3.733155e-01
6.998671e+01 3.020591e-01 2.961176e-01
7.098605e+01 2.251699e-01 2.207408e-01
7.198558e+01 1.509349e-01 1.479660e-01
7.298540e+01 8.069284e-02 7.910560e-02
7.398574e+01 1.833613e-02 1.797545e-02
7.498723e+01 -2.151787e-02 -2.109462e-02
7.598881e+01 1.564020e-02 1.533256e-02
7.698916e+01 7.752763e-02 7.600265e-02
7.798896e+01 1.478636e-01 1.449552e-01
7.898846e+01 2.223371e-01 2.179637e-01
7.998776e+01 2.995067e-01 2.936153e-01
8.098691e+01 3.785523e-01 3.711062e-01
8.198597e+01 4.587391e-01 4.497157e-01
8.298500e+01 5.393125e-01 5.287042e-01
8.398406e+01 6.195030e-01 6.073174e-01
8.498320e+01 6.985533e-01 6.848127e-01
8.598250e+01 7.757266e-01 7.604680e-01
8.698199e+01 8.502185e-01 8.334946e-01
8.798177e+01 9.206833e-01 9.025734e-01
8.898207e+01 9.832408e-01 9.639004e-01
8.998353e+01 1.023419e+00 1.003288e+00
9.098509e+01 9.865352e-01 9.671300e-01
9.198542e+01 9.245544e-01 9.063683e-01
9.298518e+01 8.539693e-01 8.371716e-01
9.398463e+01 7.791710e-01 7.638447e-01
9.498387e+01 7.016294e-01 6.878283e-01
9.598296e+01 6.221753e-01 6.099370e-01
9.698196e+01 5.415494e-01 5.308970e-01
9.798093e+01 4.605093e-01 4.514510e-01
9.897992e+01 3.798250e-01 3.723538e-01
9.997900e+01 3.002502e-01 2.943442e-01
1.009782e+02 2.225090e-01 2.181322e-01
1.019776e+02 1.473704e-01 1.444716e-01
1.029773e+02 7.606620e-02 7.456998e-02
1.039775e+02 1.206115e-02 1.182391e-02
1.049788e+02 -3.182021e-02 -3.119431e-02
1.059805e+02 1.440415e-03 1.412082e-03
1.069811e+02 5.691723e-02 5.579766e-02
1.079814e+02 1.194456e-01 1.170961e-01
1.089815e+02 1.845941e-01 1.809632e-01
1.099816e+02 2.505090e-01 2.455814e-01
1.109816e+02 3.158773e-01 3.096640e-01
1.119818e+02 3.794419e-01 3.719782e-01
1.129822e+02 4.399138e-01 4.312607e-01
1.139829e+02 4.959928e-01 4.862366e-01
1.149838e+02 5.464164e-01 5.356683e-01
1.159851e+02 5.900183e-01 5.784126e-01
1.169866e+02 6.257872e-01 6.134779e-01
1.179885e+02 6.529217e-01 6.400787e-01
1.189905e+02 6.708780e-01 6.576817e-01
1.199927e+02 6.794074e-01 6.660434e-01
1.209949e+02 6.785817e-01 6.652339e-01
1.219971e+02 6.688031e-01 6.556477e-01
1.229991e+02 6.508007e-01 6.379994e-01
1.240010e+02 6.256110e-01 6.133052e-01
1.250027e+02 5.945453e-01 5.828505e-01
1.260043e+02 5.591448e-01 5.481464e-01
1.270058e+02 5.211267e-01 5.108761e-01
1.280072e+02 4.823229e-01 4.728356e-01
1.290087e+02 4.446155e-01 4.358699e-01
1.300103e+02 4.098708e-01 4.018086e-01
1.310121e+02 3.798754e-01 3.724032e-01
1.320140e+02 3.562774e-01 3.492693e-01
1.330161e+02 3.405338e-01 3.338355e-01
1.340182e+02 3.338690e-01 3.273018e-01
1.350204e+02 3.372426e-01 3.306090e-01
1.360225e+02 3.513315e-01 3.444207e-01
1.370244e+02 3.765237e-01 3.691175e-01
1.380259e+02 4.129255e-01 4.048032e-01
1.390270e+02 4.603791e-01 4.513234e-01
1.400275e+02 5.184899e-01 5.082912e-01
1.410274e+02 5.866609e-01 5.751212e-01
1.420266e+02 6.641299e-01 6.510664e-01
1.430251e+02 7.500082e-01 7.352555e-01
1.440229e+02 8.433175e-01 8.267293e-01
1.450201e+02 9.430220e-01 9.244727e-01
1.460168e+02 1.048055e+00 1.027440e+00
1.470130e+02 1.157341e+00 1.134576e+00
1.480089e+02 1.269803e+00 1.244826e+00
1.490045e+02 1.384375e+00 1.357145e+00
1.500000e+02 1.500000e+00 1.470495e+00
