xx_50_0 zz_50_0 zzRed_50_0
-1.500000e+02 1.500000e+00 1.529972e+00
-1.490029e+02 1.404046e+00 1.432101e+00
-1.480056e+02 1.309025e+00 1.335181e+00
-1.470082e+02 1.215856e+00 1.240151e+00
-1.460105e+02 1.125436e+00 1.147925e+00
-1.450126e+02 1.038622e+00 1.059375e+00
-1.440142e+02 9.562182e-01 9.753251e-01
-1.430154e+02 8.789650e-01 8.965281e-01
-1.420162e+02 8.075221e-01 8.236577e-01
-1.410166e+02 7.424554e-01 7.572909e-01
-1.400165e+02 6.842229e-01 6.978948e-01
-1.390161e+02 6.331620e-01 6.458137e-01
-1.380153e+02 5.894783e-01 6.012571e-01
-1.370142e+02 5.532366e-01 5.642912e-01
-1.360129e+02 5.243553e-01 5.348327e-01
-1.350113e+02 5.026034e-01 5.126462e-01
-1.340097e+02 4.876028e-01 4.973459e-01
-1.330080e+02 4.788336e-01 4.884015e-01
-1.320062e+02 4.756449e-01 4.851491e-01
-1.310045e+02 4.772688e-01 4.868054e-01
-1.300027e+02 4.828396e-01 4.924875e-01
-1.290010e+02 4.914153e-01 5.012346e-01
-1.279993e+02 5.020029e-01 5.120338e-01
-1.269976e+02 5.135850e-01 5.238473e-01
-1.259959e+02 5.251477e-01 5.356410e-01
-1.249942e+02 5.357086e-01 5.464129e-01
-1.239925e+02 5.443437e-01 5.552206e-01
-1.229908e+02 5.502123e-01 5.612065e-01
-1.219890e+02 5.525791e-01 5.636205e-01
-1.209872e+02 5.508321e-01 5.618386e-01
-1.199855e+02 5.444962e-01 5.553761e-01
-1.189838e+02 5.332419e-01 5.438970e-01
-1.179822e+02 5.168882e-01 5.272165e-01
-1.169806e+02 4.954002e-01 5.052992e-01
-1.159792e+02 4.688820e-01 4.782511e-01
-1.149779e+02 4.375644e-01 4.463077e-01
-1.139768e+02 4.017890e-01 4.098174e-01
-1.129758e+02 3.619897e-01 3.692229e-01
-1.119750e+02 3.186726e-01 3.250402e-01
-1.109743e+02 2.723981e-01 2.778411e-01
-1.099737e+02 2.237713e-01 2.282426e-01
-1.089732e+02 1.734647e-01 1.769308e-01
-1.079728e+02 1.223465e-01 1.247912e-01
-1.069723e+02 7.197541e-02 7.341360e-02
-1.059715e+02 2.636282e-02 2.688959e-02
-1.049702e+02 -1.839974e-03 -1.876740e-03
-1.039695e+02 4.550290e-02 4.641212e-02
-1.029697e+02 1.090327e-01 1.112114e-01
-1.019703e+02 1.776930e-01 1.812437e-01
-1.009710e+02 2.482694e-01 2.532302e-01
-9.997176e+01 3.197539e-01 3.261432e-01
-9.897256e+01 3.917424e-01 3.995700e-01
-9.797338e+01 4.639826e-01 4.732538e-01
-9.697420e+01 5.362527e-01 5.469679e-01
-9.597500e+01 6.083307e-01 6.204862e-01
-9.497578e+01 6.799814e-01 6.935686e-01
-9.397650e+01 7.509106e-01 7.659150e-01
-9.297714e+01 8.205848e-01 8.369815e-01
-9.197759e+01 8.875774e-01 9.053127e-01
-9.097758e+01 9.472553e-01 9.661830e-01
-8.997645e+01 9.836483e-01 1.003303e+00
-8.897543e+01 9.441626e-01 9.630286e-01
-8.797544e+01 8.838634e-01 9.015245e-01
-8.697587e+01 8.170041e-01 8.333292e-01
-8.597646e+01 7.477165e-01 7.626571e-01
-8.497713e+01 6.772834e-01 6.908166e-01
-8.397785e+01 6.062004e-01 6.183133e-01
-8.297859e+01 5.347571e-01 5.454424e-01
-8.197934e+01 4.631951e-01 4.724506e-01
-8.098008e+01 3.917490e-01 3.995768e-01
-7.998080e+01 3.206623e-01 3.270697e-01
-7.898146e+01 2.502325e-01 2.552326e-01
-7.798205e+01 1.809861e-01 1.846025e-01
-7.698246e+01 1.143182e-01 1.166025e-01
-7.598242e+01 5.476443e-02 5.585871e-02
-7.498129e+01 1.803296e-02 1.839329e-02
-7.398024e+01 5.723832e-02 5.838203e-02
-7.298022e+01 1.173406e-01 1.196853e-01
-7.198062e+01 1.839810e-01 1.876573e-01
-7.098118e+01 2.530215e-01 2.580773e-01
-6.998182e+01 3.231859e-01 3.296437e-01
-6.898250e+01 3.939852e-01 4.018576e-01
-6.798320e+01 4.651353e-01 4.744295e-01
-6.698391e+01 5.363999e-01 5.471181e-01
-6.598461e+01 6.075495e-01 6.196894e-01
-6.498529e+01 6.783463e-01 6.919008e-01
-6.398592e+01 7.485007e-01 7.634570e-01
-6.298648e+01 8.175002e-01 8.338352e-01
-6.198686e+01 8.839838e-01 9.016473e-01
-6.098680e+01 9.435041e-01 9.623569e-01
-5.998566e+01 9.805811e-01 1.000175e+00
-5.898459e+01 9.416758e-01 9.604920e-01
-5.798455e+01 8.817528e-01 8.993717e-01
-5.698492e+01 8.152927e-01 8.315837e-01
-5.598545e+01 7.464493e-01 7.613646e-01
-5.498606e+01 6.764962e-01 6.900137e-01
-5.398671e+01 6.059187e-01 6.180259e-01
-5.298738e+01 5.349967e-01 5.456868e-01
-5.198806e+01 4.639633e-01 4.732341e-01
-5.098874e+01 3.930441e-01 4.008978e-01
-4.998939e+01 3.224728e-01 3.289163e-01
-4.898999e+01 2.525332e-01 2.575792e-01
-4.799052e+01 1.837260e-01 1.873972e-01
-4.699088e+01 1.173842e-01 1.197297e-01
-4.599081e+01 5.787770e-02 5.903419e-02
-4.498967e+01 2.047833e-02 2.088752e-02
-4.398857e+01 5.909320e-02 6.027398e-02
-4.298851e+01 1.188648e-01 1.212399e-01
-4.198886e+01 1.851863e-01 1.888866e-01
-4.098937e+01 2.538830e-01 2.589560e-01
-3.998996e+01 3.236800e-01 3.301477e-01
-3.899059e+01 3.940944e-01 4.019691e-01
-3.799124e+01 4.648487e-01 4.741371e-01
-3.699190e+01 5.357123e-01 5.464167e-01
-3.599255e+01 6.064621e-01 6.185802e-01
-3.499318e+01 6.768674e-01 6.903924e-01
-3.399376e+01 7.466487e-01 7.615680e-01
-3.299427e+01 8.153142e-01 8.316056e-01
-3.199461e+01 8.815548e-01 8.991698e-01
-3.099453e+01 9.410674e-01 9.598714e-01
-2.999339e+01 9.787706e-01 9.983280e-01
-2.899228e+01 9.404393e-01 9.592308e-01
-2.799220e+01 8.807925e-01 8.983922e-01
-2.699254e+01 8.145692e-01 8.308457e-01
-2.599304e+01 7.459713e-01 7.608770e-01
-2.499361e+01 6.762777e-01 6.897909e-01
-2.399422e+01 6.059711e-01 6.180794e-01
-2.299486e+01 5.353276e-01 5.460243e-01
-2.199550e+01 4.645763e-01 4.738593e-01
-2.099614e+01 3.939386e-01 4.018101e-01
-1.999675e+01 3.236433e-01 3.301103e-01
-1.899732e+01 2.539670e-01 2.590417e-01
-1.799782e+01 1.853945e-01 1.890990e-01
-1.699815e+01 1.192157e-01 1.215978e-01
-1.599807e+01 5.967620e-02 6.086863e-02
-1.499693e+01 2.168219e-02 2.211544e-02
-1.399580e+01 5.973404e-02 6.092762e-02
-1.299572e+01 1.192817e-01 1.216651e-01
-1.199605e+01 1.854463e-01 1.891519e-01
-1.099654e+01 2.539925e-01 2.590676e-01
-9.997100e+00 3.236334e-01 3.301002e-01
-8.997706e+00 3.938856e-01 4.017561e-01
-7.998335e+00 4.644729e-01 4.737538e-01
-6.998972e+00 5.351670e-01 5.458605e-01
-5.999601e+00 6.057472e-01 6.178510e-01
-5.000206e+00 6.759857e-01 6.894931e-01
-4.000769e+00 7.456081e-01 7.605065e-01
-3.001256e+00 8.141343e-01 8.304021e-01
-2.001585e+00 8.802898e-01 8.978794e-01
-1.001501e+00 9.398780e-01 9.586583e-01
-3.771128e-04 9.781542e-01 9.976994e-01
1.000766e+00 9.403817e-01 9.591721e-01
2.000857e+00 8.809091e-01 8.985111e-01
3.000529e+00 8.147646e-01 8.310449e-01
4.000041e+00 7.462243e-01 7.611351e-01
4.999477e+00 6.765860e-01 6.901053e-01
5.998872e+00 6.063364e-01 6.184520e-01
6.998243e+00 5.357520e-01 5.464572e-01
7.997606e+00 4.650615e-01 4.743542e-01
8.996978e+00 3.944854e-01 4.023679e-01
9.996373e+00 3.242514e-01 3.307305e-01
1.099581e+01 2.546331e-01 2.597211e-01
1.199532e+01 1.861071e-01 1.898258e-01
1.299499e+01 1.199366e-01 1.223331e-01
1.399507e+01 6.027660e-02 6.148103e-02
1.499618e+01 2.172150e-02 2.215553e-02
1.599734e+01 5.921109e-02 6.039423e-02
1.699743e+01 1.186317e-01 1.210022e-01
1.799710e+01 1.847946e-01 1.884871e-01
1.899660e+01 2.533751e-01 2.584379e-01
1.999603e+01 3.230607e-01 3.295160e-01
2.099542e+01 3.933601e-01 4.012200e-01
2.199478e+01 4.639947e-01 4.732661e-01
2.299414e+01 5.347351e-01 5.454200e-01
2.399351e+01 6.053601e-01 6.174562e-01
2.499289e+01 6.756414e-01 6.891419e-01
2.599233e+01 7.453054e-01 7.601978e-01
2.699183e+01 8.138769e-01 8.301395e-01
2.799149e+01 8.801008e-01 8.976866e-01
2.899156e+01 9.398565e-01 9.586364e-01
2.999266e+01 9.786905e-01 9.982464e-01
3.099382e+01 9.414930e-01 9.603056e-01
3.199390e+01 8.821029e-01 8.997288e-01
3.299356e+01 8.158834e-01 8.321861e-01
3.399306e+01 7.472162e-01 7.621468e-01
3.499247e+01 6.774324e-01 6.909686e-01
3.599185e+01 6.070303e-01 6.191598e-01
3.699120e+01 5.362912e-01 5.470072e-01
3.799054e+01 4.654463e-01 4.747467e-01
3.898989e+01 3.947184e-01 4.026056e-01
3.998927e+01 3.243371e-01 3.308179e-01
4.098869e+01 2.545771e-01 2.596640e-01
4.198818e+01 1.859138e-01 1.896287e-01
4.298783e+01 1.195975e-01 1.219872e-01
4.398788e+01 5.972023e-02 6.091354e-02
4.498896e+01 2.060196e-02 2.101362e-02
4.599012e+01 5.749497e-02 5.864381e-02
4.699020e+01 1.168752e-01 1.192106e-01
4.798984e+01 1.831901e-01 1.868506e-01
4.898932e+01 2.519920e-01 2.570272e-01
4.998871e+01 3.219262e-01 3.283588e-01
5.098807e+01 3.924859e-01 4.003285e-01
5.198740e+01 4.633856e-01 4.726448e-01
5.298672e+01 5.343911e-01 5.450692e-01
5.398605e+01 6.052774e-01 6.173719e-01
5.498540e+01 6.758126e-01 6.893165e-01
5.598480e+01 7.457196e-01 7.606203e-01
5.698427e+01 8.145214e-01 8.307969e-01
5.798390e+01 8.809696e-01 8.985728e-01
5.898394e+01 9.409953e-01 9.597979e-01
5.998500e+01 9.804098e-01 1.000000e+00
6.098615e+01 9.438359e-01 9.626953e-01
6.198622e+01 8.844463e-01 9.021190e-01
6.298584e+01 8.179974e-01 8.343424e-01
6.398529e+01 7.490128e-01 7.639793e-01
6.498466e+01 6.788749e-01 6.924400e-01
6.598399e+01 6.081017e-01 6.202526e-01
6.698329e+01 5.369833e-01 5.477132e-01
6.798258e+01 4.657551e-01 4.750616e-01
6.898188e+01 3.946401e-01 4.025256e-01
6.998120e+01 3.238648e-01 3.303362e-01
7.098057e+01 2.536992e-01 2.587685e-01
7.198001e+01 1.846179e-01 1.883068e-01
7.297961e+01 1.178944e-01 1.202501e-01
7.397962e+01 5.771483e-02 5.886807e-02
7.498068e+01 1.865768e-02 1.903049e-02
7.598186e+01 5.424422e-02 5.532811e-02
7.698191e+01 1.136417e-01 1.159125e-01
7.798149e+01 1.803660e-01 1.839700e-01
7.898090e+01 2.496781e-01 2.546671e-01
7.998024e+01 3.201430e-01 3.265400e-01
8.097952e+01 3.912382e-01 3.990558e-01
8.197879e+01 4.626801e-01 4.719252e-01
8.297804e+01 5.342384e-01 5.449133e-01
8.397730e+01 6.056900e-01 6.177927e-01
8.497658e+01 6.768024e-01 6.903260e-01
8.597591e+01 7.472916e-01 7.622237e-01
8.697531e+01 8.166585e-01 8.329767e-01
8.797488e+01 8.835864e-01 9.012419e-01
8.897488e+01 9.438032e-01 9.626619e-01
8.997593e+01 9.825421e-01 1.002175e+00
9.097712e+01 9.477812e-01 9.667194e-01
9.197715e+01 8.884184e-01 9.061704e-01
9.297670e+01 8.213973e-01 8.378101e-01
9.397606e+01 7.516209e-01 7.666395e-01
9.497534e+01 6.805852e-01 6.941845e-01
9.597456e+01 6.088337e-01 6.209993e-01
9.697375e+01 5.366523e-01 5.473755e-01
9.797292e+01 4.642609e-01 4.735376e-01
9.897210e+01 3.918635e-01 3.996936e-01
9.997128e+01 3.196652e-01 3.260527e-01
1.009705e+02 2.479102e-01 2.528638e-01
1.019698e+02 1.770279e-01 1.805652e-01
1.029692e+02 1.081675e-01 1.103289e-01
1.039690e+02 4.508314e-02 4.598397e-02
1.049698e+02 7.477250e-04 7.626657e-04
1.059713e+02 2.484692e-02 2.534340e-02
1.069721e+02 6.979564e-02 7.119027e-02
1.079725e+02 1.203829e-01 1.227883e-01
1.089730e+02 1.718728e-01 1.753071e-01
1.099735e+02 2.225124e-01 2.269585e-01
1.109741e+02 2.713925e-01 2.768154e-01
1.119748e+02 3.178437e-01 3.241948e-01
1.129756e+02 3.612753e-01 3.684942e-01
1.139766e+02 4.011433e-01 4.091588e-01
1.149777e+02 4.369565e-01 4.456876e-01
1.159790e+02 4.682937e-01 4.776510e-01
1.169804e+02 4.948235e-01 5.047109e-01
1.179819e+02 5.163231e-01 5.266400e-01
1.189836e+02 5.326939e-01 5.433381e-01
1.199853e+02 5.439748e-01 5.548443e-01
1.209870e+02 5.503489e-01 5.613458e-01
1.219888e+02 5.521467e-01 5.631795e-01
1.229906e+02 5.498432e-01 5.608300e-01
1.239923e+02 5.440493e-01 5.549203e-01
1.249940e+02 5.354988e-01 5.461989e-01
1.259957e+02 5.250302e-01 5.355212e-01
1.269974e+02 5.135652e-01 5.238271e-01
1.279991e+02 5.020835e-01 5.121160e-01
1.290008e+02 4.915963e-01 5.014192e-01
1.300026e+02 4.831183e-01 4.927718e-01
1.310043e+02 4.776398e-01 4.871838e-01
1.320061e+02 4.761005e-01 4.856137e-01
1.330078e+02 4.793640e-01 4.889425e-01
1.340096e+02 4.881964e-01 4.979514e-01
1.350112e+02 5.032474e-01 5.133031e-01
1.360127e+02 5.250359e-01 5.355270e-01
1.370141e+02 5.539396e-01 5.650082e-01
1.380152e+02 5.901892e-01 6.019822e-01
1.390160e+02 6.338668e-01 6.465325e-01
1.400164e+02 6.849080e-01 6.985936e-01
1.410165e+02 7.431082e-01 7.579567e-01
1.420161e+02 8.081311e-01 8.242789e-01
1.430154e+02 8.795200e-01 8.970942e-01
1.440141e+02 9.567102e-01 9.758268e-01
1.450125e+02 1.039043e+00 1.059805e+00
1.460105e+02 1.125781e+00 1.148276e+00
1.470082e+02 1.216119e+00 1.240419e+00
1.480056e+02 1.309202e+00 1.335362e+00
1.490028e+02 1.404135e+00 1.432192e+00
1.500000e+02 1.500000e+00 1.529972e+00
