xx_50_2 zz_50_2 zzRed_50_2
-1.500000e+02 2.000000e+00 9.818039e-01
-1.490099e+02 1.979213e+00 9.715993e-01
-1.479998e+02 1.914744e+00 9.399517e-01
-1.469997e+02 1.810072e+00 8.885677e-01
-1.459997e+02 1.669998e+00 8.198051e-01
-1.449997e+02 1.500653e+00 7.366733e-01
-1.439998e+02 1.309442e+00 6.428074e-01
-1.429999e+02 1.104720e+00 5.423091e-01
-1.420000e+02 8.954280e-01 4.395673e-01
-1.410001e+02 6.907045e-01 3.390682e-01
-1.400002e+02 4.994886e-01 2.451999e-01
-1.390003e+02 3.301326e-01 1.620628e-01
-1.380003e+02 1.900392e-01 9.329062e-02
-1.370002e+02 8.533729e-02 4.189224e-02
-1.360002e+02 2.061225e-02 1.011859e-02
-1.350000e+02 -1.298092e-03 -6.372358e-04
-1.339999e+02 2.056867e-02 1.009720e-02
-1.329998e+02 8.525539e-02 4.185203e-02
-1.319997e+02 1.899279e-01 9.323596e-02
-1.309997e+02 3.300017e-01 1.619985e-01
-1.299997e+02 4.993467e-01 2.451303e-01
-1.289998e+02 6.905577e-01 3.389961e-01
-1.279999e+02 8.952795e-01 4.394945e-01
-1.270000e+02 1.104571e+00 5.422362e-01
-1.260001e+02 1.309295e+00 6.427354e-01
-1.250002e+02 1.500511e+00 7.366037e-01
-1.240003e+02 1.669867e+00 8.197409e-01
-1.230003e+02 1.809960e+00 8.885130e-01
-1.220002e+02 1.914662e+00 9.399115e-01
-1.210002e+02 1.979388e+00 9.716852e-01
-1.200000e+02 2.001298e+00 9.824411e-01
-1.189999e+02 1.979431e+00 9.717067e-01
-1.179998e+02 1.914745e+00 9.399519e-01
-1.169997e+02 1.810073e+00 8.885681e-01
-1.159997e+02 1.669999e+00 8.198056e-01
-1.149997e+02 1.500654e+00 7.366739e-01
-1.139998e+02 1.309443e+00 6.428080e-01
-1.129999e+02 1.104721e+00 5.423097e-01
-1.120000e+02 8.954293e-01 4.395680e-01
-1.110001e+02 6.907058e-01 3.390688e-01
-1.100002e+02 4.994897e-01 2.452005e-01
-1.090003e+02 3.301336e-01 1.620632e-01
-1.080003e+02 1.900400e-01 9.329100e-02
-1.070002e+02 8.533783e-02 4.189250e-02
-1.060002e+02 2.021319e-02 9.922694e-03
-1.050000e+02 -3.706677e-02 -1.819615e-02
-1.039970e+02 1.731862e-02 8.501745e-03
-1.029952e+02 8.071075e-02 3.962106e-02
-1.019997e+02 1.899271e-01 9.323558e-02
-1.009997e+02 3.300008e-01 1.619980e-01
-9.999973e+01 4.993456e-01 2.451297e-01
-9.899980e+01 6.905565e-01 3.389955e-01
-9.799991e+01 8.952782e-01 4.394938e-01
-9.700003e+01 1.104570e+00 5.422355e-01
-9.600014e+01 1.309294e+00 6.427347e-01
-9.500024e+01 1.500510e+00 7.366031e-01
-9.400029e+01 1.669866e+00 8.197404e-01
-9.300030e+01 1.809960e+00 8.885127e-01
-9.200025e+01 1.914662e+00 9.399112e-01
-9.100017e+01 1.979787e+00 9.718811e-01
-9.000004e+01 2.037067e+00 1.000000e+00
-8.899699e+01 1.982682e+00 9.733022e-01
-8.799515e+01 1.919290e+00 9.421829e-01
-8.699972e+01 1.810073e+00 8.885685e-01
-8.599970e+01 1.670000e+00 8.198061e-01
-8.499973e+01 1.500655e+00 7.366744e-01
-8.399980e+01 1.309444e+00 6.428087e-01
-8.299991e+01 1.104722e+00 5.423104e-01
-8.200003e+01 8.954306e-01 4.395686e-01
-8.100014e+01 6.907070e-01 3.390694e-01
-8.000024e+01 4.994909e-01 2.452010e-01
-7.900029e+01 3.301346e-01 1.620637e-01
-7.800030e+01 1.900408e-01 9.329138e-02
-7.700025e+01 8.533836e-02 4.189276e-02
-7.600017e+01 2.021346e-02 9.922825e-03
-7.500004e+01 -3.706677e-02 -1.819615e-02
-7.399699e+01 1.731836e-02 8.501615e-03
-7.299515e+01 8.071021e-02 3.962080e-02
-7.199972e+01 1.899263e-01 9.323520e-02
-7.099970e+01 3.299998e-01 1.619975e-01
-6.999973e+01 4.993445e-01 2.451292e-01
-6.899980e+01 6.905552e-01 3.389949e-01
-6.799991e+01 8.952769e-01 4.394932e-01
-6.700003e+01 1.104569e+00 5.422349e-01
-6.600014e+01 1.309292e+00 6.427341e-01
-6.500024e+01 1.500509e+00 7.366026e-01
-6.400029e+01 1.669865e+00 8.197399e-01
-6.300030e+01 1.809959e+00 8.885123e-01
-6.200025e+01 1.914661e+00 9.399110e-01
-6.100017e+01 1.979786e+00 9.718810e-01
-6.000004e+01 2.037067e+00 1.000000e+00
-5.899699e+01 1.982682e+00 9.733023e-01
-5.799515e+01 1.919290e+00 9.421832e-01
-5.699972e+01 1.810074e+00 8.885688e-01
-5.599970e+01 1.670001e+00 8.198066e-01
-5.499973e+01 1.500656e+00 7.366750e-01
-5.399980e+01 1.309445e+00 6.428093e-01
-5.299991e+01 1.104724e+00 5.423110e-01
-5.200003e+01 8.954319e-01 4.395693e-01
-5.100014e+01 6.907083e-01 3.390700e-01
-5.000024e+01 4.994920e-01 2.452016e-01
-4.900029e+01 3.301356e-01 1.620642e-01
-4.800030e+01 1.900415e-01 9.329176e-02
-4.700025e+01 8.533889e-02 4.189303e-02
-4.600017e+01 2.021373e-02 9.922957e-03
-4.500004e+01 -3.706677e-02 -1.819615e-02
-4.399699e+01 1.731809e-02 8.501484e-03
-4.299515e+01 8.070968e-02 3.962054e-02
-4.199972e+01 1.899256e-01 9.323482e-02
-4.099970e+01 3.299988e-01 1.619971e-01
-3.999973e+01 4.993433e-01 2.451286e-01
-3.899980e+01 6.905540e-01 3.389943e-01
-3.799991e+01 8.952756e-01 4.394925e-01
-3.700003e+01 1.104567e+00 5.422343e-01
-3.600014e+01 1.309291e+00 6.427335e-01
-3.500024e+01 1.500507e+00 7.366020e-01
-3.400029e+01 1.669864e+00 8.197394e-01
-3.300030e+01 1.809958e+00 8.885119e-01
-3.200025e+01 1.914661e+00 9.399107e-01
-3.100017e+01 1.979786e+00 9.718808e-01
-3.000004e+01 2.037067e+00 1.000000e+00
-2.899699e+01 1.982682e+00 9.733024e-01
-2.799515e+01 1.919291e+00 9.421834e-01
-2.699972e+01 1.810075e+00 8.885692e-01
-2.599970e+01 1.670002e+00 8.198070e-01
-2.499973e+01 1.500657e+00 7.366755e-01
-2.399980e+01 1.309447e+00 6.428099e-01
-2.299991e+01 1.104725e+00 5.423116e-01
-2.200003e+01 8.954332e-01 4.395699e-01
-2.100014e+01 6.907095e-01 3.390706e-01
-2.000024e+01 4.994931e-01 2.452021e-01
-1.900029e+01 3.301365e-01 1.620647e-01
-1.800030e+01 1.900423e-01 9.329214e-02
-1.700025e+01 8.533942e-02 4.189329e-02
-1.600017e+01 2.021399e-02 9.923088e-03
-1.500004e+01 -3.706677e-02 -1.819615e-02
-1.399699e+01 1.731783e-02 8.501354e-03
-1.299515e+01 8.070915e-02 3.962028e-02
-1.199972e+01 1.899248e-01 9.323445e-02
-1.099970e+01 3.299979e-01 1.619966e-01
-9.999727e+00 4.993422e-01 2.451280e-01
-8.999800e+00 6.905527e-01 3.389937e-01
-7.999906e+00 8.952743e-01 4.394919e-01
-7.000027e+00 1.104566e+00 5.422336e-01
-6.000143e+00 1.309290e+00 6.427329e-01
-5.000237e+00 1.500506e+00 7.366014e-01
-4.000291e+00 1.669863e+00 8.197390e-01
-3.000296e+00 1.809957e+00 8.885115e-01
-2.000250e+00 1.914660e+00 9.399104e-01
-1.000166e+00 1.979786e+00 9.718807e-01
-3.635168e-05 2.037067e+00 1.000000e+00
1.003014e+00 1.982682e+00 9.733026e-01
2.004848e+00 1.919291e+00 9.421837e-01
3.000276e+00 1.810076e+00 8.885696e-01
4.000300e+00 1.670003e+00 8.198075e-01
5.000273e+00 1.500658e+00 7.366761e-01
6.000200e+00 1.309448e+00 6.428105e-01
7.000094e+00 1.104726e+00 5.423123e-01
7.999973e+00 8.954345e-01 4.395705e-01
8.999857e+00 6.907108e-01 3.390712e-01
9.999763e+00 4.994943e-01 2.452027e-01
1.099971e+01 3.301375e-01 1.620651e-01
1.199970e+01 1.900431e-01 9.329251e-02
1.299975e+01 8.533996e-02 4.189355e-02
1.399983e+01 2.021426e-02 9.923219e-03
1.499996e+01 -3.706677e-02 -1.819615e-02
1.600301e+01 1.731756e-02 8.501223e-03
1.700485e+01 8.070862e-02 3.962002e-02
1.800028e+01 1.899240e-01 9.323407e-02
1.900030e+01 3.299969e-01 1.619961e-01
2.000027e+01 4.993411e-01 2.451275e-01
2.100020e+01 6.905515e-01 3.389931e-01
2.200009e+01 8.952730e-01 4.394913e-01
2.299997e+01 1.104565e+00 5.422330e-01
2.399986e+01 1.309289e+00 6.427323e-01
2.499976e+01 1.500505e+00 7.366009e-01
2.599971e+01 1.669862e+00 8.197385e-01
2.699970e+01 1.809957e+00 8.885111e-01
2.799975e+01 1.914660e+00 9.399102e-01
2.899983e+01 1.979786e+00 9.718806e-01
2.999996e+01 2.037067e+00 1.000000e+00
3.100301e+01 1.982683e+00 9.733027e-01
3.200485e+01 1.919292e+00 9.421840e-01
3.300028e+01 1.810076e+00 8.885700e-01
3.400030e+01 1.670004e+00 8.198080e-01
3.500027e+01 1.500659e+00 7.366766e-01
3.600020e+01 1.309449e+00 6.428111e-01
3.700009e+01 1.104728e+00 5.423129e-01
3.799997e+01 8.954358e-01 4.395712e-01
3.899986e+01 6.907120e-01 3.390719e-01
3.999976e+01 4.994954e-01 2.452032e-01
4.099971e+01 3.301385e-01 1.620656e-01
4.199970e+01 1.900438e-01 9.329289e-02
4.299975e+01 8.534049e-02 4.189381e-02
4.399983e+01 2.021453e-02 9.923350e-03
4.499996e+01 -3.706677e-02 -1.819615e-02
4.600301e+01 1.731729e-02 8.501093e-03
4.700485e+01 8.070809e-02 3.961976e-02
4.800028e+01 1.899233e-01 9.323369e-02
4.900030e+01 3.299959e-01 1.619956e-01
5.000027e+01 4.993399e-01 2.451269e-01
5.100020e+01 6.905503e-01 3.389925e-01
5.200009e+01 8.952717e-01 4.394906e-01
5.299997e+01 1.104564e+00 5.422324e-01
5.399986e+01 1.309287e+00 6.427317e-01
5.499976e+01 1.500504e+00 7.366003e-01
5.599971e+01 1.669861e+00 8.197380e-01
5.699970e+01 1.809956e+00 8.885108e-01
5.799975e+01 1.914659e+00 9.399099e-01
5.899983e+01 1.979785e+00 9.718804e-01
5.999996e+01 2.037067e+00 1.000000e+00
6.100301e+01 1.982683e+00 9.733028e-01
6.200485e+01 1.919292e+00 9.421842e-01
6.300028e+01 1.810077e+00 8.885703e-01
6.400030e+01 1.670005e+00 8.198085e-01
6.500027e+01 1.500661e+00 7.366772e-01
6.600020e+01 1.309450e+00 6.428117e-01
6.700009e+01 1.104729e+00 5.423136e-01
6.799997e+01 8.954371e-01 4.395718e-01
6.899986e+01 6.907133e-01 3.390725e-01
6.999976e+01 4.994965e-01 2.452038e-01
7.099971e+01 3.301395e-01 1.620661e-01
7.199970e+01 1.900446e-01 9.329327e-02
7.299975e+01 8.534102e-02 4.189407e-02
7.399983e+01 2.021479e-02 9.923481e-03
7.499996e+01 -3.706677e-02 -1.819615e-02
7.600301e+01 1.731703e-02 8.500963e-03
7.700485e+01 8.070755e-02 3.961949e-02
7.800028e+01 1.899225e-01 9.323331e-02
7.900030e+01 3.299949e-01 1.619951e-01
8.000027e+01 4.993388e-01 2.451264e-01
8.100020e+01 6.905490e-01 3.389918e-01
8.200009e+01 8.952704e-01 4.394900e-01
8.299997e+01 1.104562e+00 5.422317e-01
8.399986e+01 1.309286e+00 6.427311e-01
8.499976e+01 1.500503e+00 7.365998e-01
8.599971e+01 1.669860e+00 8.197375e-01
8.699970e+01 1.809955e+00 8.885104e-01
8.799975e+01 1.914659e+00 9.399096e-01
8.899983e+01 1.979785e+00 9.718803e-01
8.999996e+01 2.037067e+00 1.000000e+00
9.100301e+01 1.982683e+00 9.733030e-01
9.200485e+01 1.919293e+00 9.421845e-01
9.300028e+01 1.810078e+00 8.885707e-01
9.400030e+01 1.670006e+00 8.198089e-01
9.500027e+01 1.500662e+00 7.366777e-01
9.600020e+01 1.309452e+00 6.428123e-01
9.700009e+01 1.104730e+00 5.423142e-01
9.799997e+01 8.954384e-01 4.395725e-01
9.899986e+01 6.907145e-01 3.390731e-01
9.999976e+01 4.994977e-01 2.452044e-01
1.009997e+02 3.301404e-01 1.620666e-01
1.019997e+02 1.900454e-01 9.329365e-02
1.029998e+02 8.534155e-02 4.189433e-02
1.039998e+02 2.021506e-02 9.923613e-03
1.050000e+02 -3.706677e-02 -1.819615e-02
1.060030e+02 1.731676e-02 8.500832e-03
1.070048e+02 8.070702e-02 3.961923e-02
1.080003e+02 1.899217e-01 9.323294e-02
1.090003e+02 3.299940e-01 1.619947e-01
1.100003e+02 4.993377e-01 2.451258e-01
1.110002e+02 6.905478e-01 3.389912e-01
1.120001e+02 8.952691e-01 4.394893e-01
1.130000e+02 1.104561e+00 5.422311e-01
1.139999e+02 1.309285e+00 6.427305e-01
1.149998e+02 1.500502e+00 7.365992e-01
1.159997e+02 1.669859e+00 8.197370e-01
1.169997e+02 1.809954e+00 8.885100e-01
1.179998e+02 1.914658e+00 9.399094e-01
1.189998e+02 1.979385e+00 9.716841e-01
1.200000e+02 2.001298e+00 9.824411e-01
1.210001e+02 1.979434e+00 9.717078e-01
1.220002e+02 1.914749e+00 9.399540e-01
1.230003e+02 1.810079e+00 8.885711e-01
1.240003e+02 1.670007e+00 8.198094e-01
1.250003e+02 1.500663e+00 7.366783e-01
1.260002e+02 1.309453e+00 6.428129e-01
1.270001e+02 1.104732e+00 5.423148e-01
1.280000e+02 8.954397e-01 4.395731e-01
1.289999e+02 6.907157e-01 3.390737e-01
1.299998e+02 4.994988e-01 2.452049e-01
1.309997e+02 3.301414e-01 1.620671e-01
1.319997e+02 1.900462e-01 9.329402e-02
1.329998e+02 8.534209e-02 4.189459e-02
1.339998e+02 2.061470e-02 1.011980e-02
1.350000e+02 -1.298090e-03 -6.372351e-04
1.360001e+02 2.056622e-02 1.009600e-02
1.370002e+02 8.525060e-02 4.184968e-02
1.380003e+02 1.899209e-01 9.323256e-02
1.390003e+02 3.299930e-01 1.619942e-01
1.400003e+02 4.993365e-01 2.451253e-01
1.410002e+02 6.905465e-01 3.389906e-01
1.420001e+02 8.952678e-01 4.394887e-01
1.430000e+02 1.104560e+00 5.422304e-01
1.439999e+02 1.309284e+00 6.427299e-01
1.449998e+02 1.500501e+00 7.365987e-01
1.459997e+02 1.669858e+00 8.197366e-01
1.469997e+02 1.809953e+00 8.885096e-01
1.479998e+02 1.914658e+00 9.399091e-01
1.489998e+02 1.979385e+00 9.716838e-01
1.500000e+02 2.000000e+00 9.818039e-01
