fiber1 fiber2 s1 s2 Cx Cy Cz nx ny nz fcx fcy fcz mu
14 29 2.549636e+02 2.550573e+02 1.049643e+02 1.049902e+02 3.108793e-02 4.388617e-02 4.019095e-02 -9.982278e-01 -1.439211e-05 4.941222e-06 -5.287004e-05 3.236341e-01
14 29 2.550407e+02 2.550575e+02 1.050029e+02 1.049903e+02 3.121160e-02 -3.331992e-02 4.032142e-02 -9.986311e-01 4.007848e-06 1.647699e-05 -2.204108e-04 6.189635e-02
13 29 2.549634e+02 2.400548e+02 1.049636e+02 8.999689e+01 -3.325647e-02 4.428250e-02 4.036226e-02 9.982033e-01 -1.579825e-05 4.759775e-06 5.344178e-05 3.471088e-01
13 29 2.550410e+02 2.400550e+02 1.050024e+02 8.999697e+01 -3.338612e-02 -3.344217e-02 4.049680e-02 9.986199e-01 5.181255e-06 1.393819e-05 2.219934e-04 6.099120e-02
12 29 2.549629e+02 2.250531e+02 1.049628e+02 7.500294e+01 3.559887e-02 4.478799e-02 4.086941e-02 -9.981602e-01 -1.823962e-05 3.098525e-06 -5.569913e-05 3.776551e-01
12 29 2.550413e+02 2.250532e+02 1.050020e+02 7.500302e+01 3.573544e-02 -3.374890e-02 4.100847e-02 -9.985887e-01 7.287839e-06 1.200169e-05 -2.223158e-04 6.781866e-02
11 29 2.549626e+02 2.100517e+02 1.049622e+02 6.000835e+01 -3.751754e-02 4.514673e-02 4.144703e-02 9.981202e-01 -1.963653e-05 2.103513e-06 5.722413e-05 3.942556e-01
11 29 2.550416e+02 2.100518e+02 1.050017e+02 6.000842e+01 -3.765897e-02 -3.395850e-02 4.159044e-02 9.985575e-01 8.380292e-06 9.124779e-06 2.230825e-04 7.160783e-02
10 29 2.549624e+02 1.950505e+02 1.049617e+02 4.501321e+01 3.896078e-02 4.539399e-02 4.206989e-02 -9.980829e-01 -2.045807e-05 -6.781123e-08 -5.832003e-05 4.053908e-01
10 29 2.550418e+02 1.950506e+02 1.050015e+02 4.501329e+01 3.910556e-02 -3.409751e-02 4.221603e-02 -9.985265e-01 8.943561e-06 7.277256e-06 -2.238029e-04 7.480144e-02
9 29 2.549623e+02 1.800495e+02 1.049614e+02 3.001768e+01 -3.991604e-02 4.555963e-02 4.273262e-02 9.980472e-01 -2.109939e-05 -1.445123e-06 5.911896e-05 4.155778e-01
9 29 2.550419e+02 1.800496e+02 1.050013e+02 3.001775e+01 -4.006309e-02 -3.419574e-02 4.288125e-02 9.984948e-01 9.407594e-06 4.571519e-06 2.242228e-04 7.955634e-02
8 29 2.549621e+02 1.650486e+02 1.049613e+02 1.502192e+01 4.038022e-02 4.566550e-02 4.344792e-02 -9.980115e-01 -2.180928e-05 -3.910155e-06 -5.997551e-05 4.321984e-01
8 29 2.550420e+02 1.650488e+02 1.050013e+02 1.502199e+01 4.052883e-02 -3.427389e-02 4.359748e-02 -9.984611e-01 1.003202e-05 2.907441e-06 -2.239427e-04 8.498091e-02
7 29 2.549621e+02 1.499517e+02 1.049612e+02 -2.598541e-02 -4.056182e-02 4.570444e-02 -4.412035e-02 9.979802e-01 -2.222642e-05 6.604618e-06 6.203697e-05 4.406960e-01
7 29 2.550420e+02 1.499516e+02 1.050012e+02 -2.605017e-02 -4.071236e-02 -3.431927e-02 -4.427012e-02 9.984300e-01 1.036662e-05 -1.520817e-06 2.221314e-04 8.944090e-02
6 29 2.549622e+02 1.349510e+02 1.049613e+02 -1.502187e+01 4.053499e-02 4.563827e-02 -4.335186e-02 -9.980169e-01 -2.124263e-05 4.237322e-06 -6.083432e-05 4.189227e-01
6 29 2.550419e+02 1.349508e+02 1.050012e+02 -1.502194e+01 4.068420e-02 -3.424141e-02 -4.350116e-02 -9.984664e-01 9.405235e-06 -3.293439e-06 -2.233935e-04 8.175190e-02
5 29 2.549623e+02 1.199501e+02 1.049614e+02 -3.001770e+01 -4.003707e-02 4.553313e-02 -4.265841e-02 9.980516e-01 -2.055606e-05 2.912484e-06 6.006538e-05 4.058056e-01
5 29 2.550418e+02 1.199500e+02 1.050013e+02 -3.001777e+01 -4.018470e-02 -3.416565e-02 -4.280589e-02 9.984990e-01 8.814263e-06 -6.060359e-06 2.235682e-04 7.537005e-02
4 29 2.549624e+02 1.049491e+02 1.049617e+02 -4.501330e+01 3.905243e-02 4.536285e-02 -4.201293e-02 -9.980868e-01 -1.990394e-05 5.636243e-07 -5.914838e-05 3.918254e-01
4 29 2.550417e+02 1.049490e+02 1.050014e+02 -4.501337e+01 3.919771e-02 -3.406478e-02 -4.215858e-02 -9.985300e-01 8.343567e-06 -7.739321e-06 -2.232348e-04 7.192783e-02
3 29 2.549626e+02 8.994796e+01 1.049622e+02 -6.000850e+01 -3.758562e-02 4.511118e-02 -4.140712e-02 9.981235e-01 -1.905720e-05 -7.193795e-07 5.790341e-05 3.811856e-01
3 29 2.550415e+02 8.994781e+01 1.050017e+02 -6.000858e+01 -3.772734e-02 -3.392043e-02 -4.154937e-02 9.985605e-01 7.752406e-06 -1.040616e-05 2.226441e-04 6.899429e-02
2 29 2.549630e+02 7.494651e+01 1.049628e+02 -7.500317e+01 3.565090e-02 4.474699e-02 -4.084621e-02 -9.981630e-01 -1.761338e-05 -2.781248e-06 -5.606514e-05 3.637951e-01
2 29 2.550413e+02 7.494637e+01 1.050020e+02 -7.500324e+01 3.578751e-02 -3.370500e-02 -4.098485e-02 -9.985911e-01 6.634256e-06 -1.214299e-05 -2.221751e-04 6.504523e-02
1 29 2.549634e+02 5.994468e+01 1.049636e+02 -8.999720e+01 -3.330435e-02 4.423485e-02 -4.035604e-02 9.982057e-01 -1.510848e-05 -3.584237e-06 5.350262e-05 3.313446e-01
1 29 2.550409e+02 5.994453e+01 1.050024e+02 -8.999728e+01 -3.343367e-02 -3.339043e-02 -4.048956e-02 9.986219e-01 4.460922e-06 -1.484914e-05 2.221600e-04 5.958352e-02
0 29 2.549637e+02 4.494212e+01 1.049644e+02 -1.049907e+02 3.114514e-02 4.384168e-02 -4.020103e-02 -9.982293e-01 -1.372946e-05 -5.215460e-06 -5.283426e-05 3.120234e-01
0 29 2.550407e+02 4.494197e+01 1.050029e+02 -1.049908e+02 3.126849e-02 -3.327184e-02 -4.033167e-02 -9.986323e-01 3.321240e-06 -1.580580e-05 -2.206855e-04 5.751601e-02
14 28 2.399644e+02 2.550582e+02 8.996796e+01 1.049891e+02 -2.278589e-02 4.020305e-02 4.121991e-02 9.983410e-01 4.218644e-06 5.167980e-06 3.310733e-05 1.424960e-01
14 28 2.400414e+02 2.550583e+02 9.000651e+01 1.049892e+02 -2.274091e-02 -3.691800e-02 4.133442e-02 9.984631e-01 -1.474571e-05 1.745364e-05 2.546313e-04 3.411203e-02
13 28 2.399643e+02 2.400557e+02 8.996739e+01 8.999607e+01 2.478673e-02 4.038354e-02 4.146501e-02 -9.983235e-01 4.973365e-06 4.179254e-06 -3.224205e-05 1.422594e-01
13 28 2.400415e+02 2.400558e+02 9.000608e+01 8.999613e+01 2.474155e-02 -3.700027e-02 4.158260e-02 -9.984497e-01 -1.578365e-05 1.588657e-05 -2.584026e-04 3.100420e-02
12 28 2.399640e+02 2.250539e+02 8.996680e+01 7.500240e+01 -2.697037e-02 4.067582e-02 4.200801e-02 9.982889e-01 4.764825e-06 2.914764e-06 3.346837e-05 1.101286e-01
12 28 2.400418e+02 2.250541e+02 9.000574e+01 7.500246e+01 -2.692694e-02 -3.720763e-02 4.212952e-02 9.984191e-01 -1.592294e-05 1.351195e-05 2.603475e-04 2.568227e-02
11 28 2.399637e+02 2.100525e+02 8.996624e+01 6.000802e+01 2.887840e-02 4.102530e-02 4.260959e-02 -9.982491e-01 3.459303e-06 1.005223e-06 -3.547309e-05 5.799183e-02
11 28 2.400421e+02 2.100526e+02 9.000550e+01 6.000808e+01 2.883739e-02 -3.749431e-02 4.273469e-02 -9.983826e-01 -1.495239e-05 1.146110e-05 -2.610587e-04 1.968847e-02
10 28 2.399634e+02 1.950513e+02 8.996584e+01 4.501307e+01 -3.033588e-02 4.128501e-02 4.325308e-02 9.982108e-01 2.521697e-06 -7.288952e-07 3.707528e-05 6.836785e-02
10 28 2.400423e+02 1.950515e+02 9.000533e+01 4.501313e+01 -3.029676e-02 -3.770662e-02 4.338121e-02 9.983467e-01 -1.427641e-05 9.061004e-06 2.615912e-04 1.893991e-02
9 28 2.399632e+02 1.800503e+02 8.996555e+01 3.001767e+01 3.131872e-02 4.147390e-02 4.393366e-02 -9.981732e-01 1.672103e-06 -2.685452e-06 -3.842174e-05 1.141718e-01
9 28 2.400424e+02 1.800504e+02 9.000522e+01 3.001772e+01 3.128108e-02 -3.786601e-02 4.406393e-02 -9.983109e-01 -1.361139e-05 6.820661e-06 -2.616968e-04 2.287905e-02
8 28 2.399630e+02 1.650495e+02 8.996539e+01 1.502205e+01 -3.181535e-02 4.160675e-02 4.467290e-02 9.981349e-01 7.423220e-07 -4.402869e-06 3.984307e-05 1.577156e-01
8 28 2.400425e+02 1.650496e+02 9.000518e+01 1.502211e+01 -3.177914e-02 -3.799101e-02 4.480482e-02 9.982731e-01 -1.277582e-05 4.259718e-06 2.610288e-04 3.052934e-02
7 28 2.399629e+02 1.499507e+02 8.996528e+01 -2.635363e-02 3.197661e-02 4.167423e-02 -4.542315e-02 -9.980982e-01 2.133686e-07 6.844582e-06 -4.253549e-05 2.112860e-01
7 28 2.400425e+02 1.499506e+02 9.000515e+01 -2.640783e-02 3.194265e-02 -3.807083e-02 -4.555571e-02 -9.982361e-01 -1.230751e-05 -2.317362e-06 -2.588206e-04 3.783148e-02
6 28 2.399631e+02 1.349501e+02 8.996539e+01 -1.502203e+01 -3.194314e-02 4.156522e-02 -4.457311e-02 9.981411e-01 1.408388e-06 5.284243e-06 4.006452e-05 1.775958e-01
6 28 2.400425e+02 1.349500e+02 9.000513e+01 -1.502208e+01 -3.190695e-02 -3.794473e-02 -4.470421e-02 9.982794e-01 -1.349184e-05 -5.169366e-06 2.610800e-04 2.843716e-02
5 28 2.399633e+02 1.199493e+02 8.996556e+01 -3.001775e+01 3.141137e-02 4.142893e-02 -4.386261e-02 -9.981782e-01 2.385795e-06 3.368810e-06 -3.877858e-05 1.326565e-01
5 28 2.400424e+02 1.199491e+02 9.000518e+01 -3.001781e+01 3.137384e-02 -3.781886e-02 -4.399219e-02 -9.983158e-01 -1.436309e-05 -7.458221e-06 -2.616275e-04 2.301963e-02
4 28 2.399635e+02 1.049483e+02 8.996584e+01 -4.501320e+01 -3.040467e-02 4.123939e-02 -4.319901e-02 9.982150e-01 3.222005e-06 1.612387e-06 3.743075e-05 9.725770e-02
4 28 2.400422e+02 1.049481e+02 9.000529e+01 -4.501326e+01 -3.036563e-02 -3.765991e-02 -4.332628e-02 9.983509e-01 -1.501037e-05 -9.859592e-06 2.615021e-04 2.043591e-02
3 28 2.399637e+02 8.994706e+01 8.996626e+01 -6.000822e+01 2.892955e-02 4.097770e-02 -4.257192e-02 -9.982527e-01 4.158017e-06 -3.604075e-07 -3.573379e-05 8.174916e-02
3 28 2.400420e+02 8.994694e+01 9.000546e+01 -6.000829e+01 2.888855e-02 -3.744590e-02 -4.269633e-02 -9.983861e-01 -1.568043e-05 -1.195110e-05 -2.610427e-04 2.268323e-02
2 28 2.399641e+02 7.494561e+01 8.996682e+01 -7.500265e+01 -2.701209e-02 4.062881e-02 -4.198578e-02 9.982918e-01 5.445349e-06 -2.077329e-06 3.359126e-05 1.219625e-01
2 28 2.400417e+02 7.494550e+01 9.000571e+01 -7.500271e+01 -2.696854e-02 -3.715922e-02 -4.210646e-02 9.984218e-01 -1.662817e-05 -1.414221e-05 2.604573e-04 2.912685e-02
1 28 2.399643e+02 5.994375e+01 8.996737e+01 -8.999644e+01 2.487393e-02 4.040120e-02 -4.145775e-02 -9.983231e-01 4.950606e-06 -3.713127e-06 -3.264329e-05 1.311712e-01
1 28 2.400416e+02 5.994364e+01 9.000607e+01 -8.999650e+01 2.482903e-02 -3.701919e-02 -4.157514e-02 -9.984493e-01 -1.579519e-05 -1.603404e-05 -2.582130e-04 3.145542e-02
0 28 2.399644e+02 4.494122e+01 8.996798e+01 -1.049896e+02 -2.284293e-02 4.016051e-02 -4.123008e-02 9.983422e-01 4.860899e-06 -4.692721e-06 3.306731e-05 1.450036e-01
0 28 2.400413e+02 4.494110e+01 9.000649e+01 -1.049896e+02 -2.279774e-02 -3.687205e-02 -4.134417e-02 9.984644e-01 -1.540765e-05 -1.750547e-05 2.549124e-04 3.582211e-02
14 27 2.249640e+02 2.550584e+02 7.497110e+01 1.049889e+02 2.088401e-02 3.987827e-02 4.130017e-02 -9.983506e-01 5.835506e-06 6.014842e-06 -5.025963e-05 1.081999e-01
14 27 2.250409e+02 2.550585e+02 7.500963e+01 1.049889e+02 2.084305e-02 -3.718951e-02 4.138976e-02 -9.984507e-01 -1.423190e-05 1.688180e-05 -2.396333e-04 3.629691e-02
13 27 2.249639e+02 2.400560e+02 7.497063e+01 8.999586e+01 -2.284647e-02 4.005130e-02 4.156936e-02 9.983326e-01 6.667594e-06 5.313754e-06 4.987690e-05 1.127698e-01
13 27 2.250411e+02 2.400560e+02 7.500929e+01 8.999591e+01 -2.280539e-02 -3.728227e-02 4.166200e-02 9.984359e-01 -1.531424e-05 1.504314e-05 2.430099e-04 3.249776e-02
12 27 2.249639e+02 2.250541e+02 7.497032e+01 7.500220e+01 2.483010e-02 4.008827e-02 4.213375e-02 -9.983074e-01 9.200751e-06 3.761142e-06 -4.993026e-05 1.464008e-01
12 27 2.250411e+02 2.250542e+02 7.500898e+01 7.500226e+01 2.478889e-02 -3.724252e-02 4.222864e-02 -9.984136e-01 -1.811302e-05 1.296306e-05 -2.463016e-04 3.751431e-02
11 27 2.249637e+02 2.100527e+02 7.496994e+01 6.000790e+01 -2.662497e-02 4.030195e-02 4.275223e-02 9.982725e-01 9.352279e-06 1.998716e-06 5.155063e-05 1.399845e-01
11 27 2.250413e+02 2.100528e+02 7.500878e+01 6.000795e+01 -2.658527e-02 -3.740230e-02 4.284975e-02 9.983812e-01 -1.852446e-05 1.071517e-05 2.475180e-04 3.723995e-02
10 27 2.249635e+02 1.950515e+02 7.496962e+01 4.501298e+01 2.803638e-02 4.051468e-02 4.340615e-02 -9.982357e-01 8.902125e-06 -4.111350e-09 -5.319584e-05 1.333282e-01
10 27 2.250415e+02 1.950516e+02 7.500866e+01 4.501303e+01 2.799820e-02 -3.757766e-02 4.350587e-02 -9.983462e-01 -1.829134e-05 8.558158e-06 -2.480831e-04 3.710613e-02
9 27 2.249633e+02 1.800505e+02 7.496939e+01 3.001765e+01 -2.899901e-02 4.068268e-02 4.409645e-02 9.981986e-01 8.260058e-06 -1.865710e-06 5.457575e-05 1.351530e-01
9 27 2.250416e+02 1.800506e+02 7.500859e+01 3.001769e+01 -2.896210e-02 -3.772359e-02 4.419795e-02 9.983103e-01 -1.780126e-05 6.163595e-06 2.482087e-04 3.902125e-02
8 27 2.249632e+02 1.650496e+02 7.496924e+01 1.502204e+01 2.950091e-02 4.081950e-02 4.483524e-02 -9.981601e-01 7.258742e-06 -3.722821e-06 -5.603553e-05 1.422556e-01
8 27 2.250417e+02 1.650497e+02 7.500857e+01 1.502209e+01 2.946534e-02 -3.785613e-02 4.493811e-02 -9.982722e-01 -1.687945e-05 3.721196e-06 -2.475104e-04 4.254285e-02
7 27 2.249630e+02 1.499506e+02 7.496912e+01 -2.637473e-02 -2.967938e-02 4.090702e-02 -4.557909e-02 9.981228e-01 6.454495e-06 6.029244e-06 5.854202e-05 1.642931e-01
7 27 2.250417e+02 1.499505e+02 7.500855e+01 -2.641629e-02 -2.964590e-02 -3.795727e-02 -4.568261e-02 9.982346e-01 -1.612016e-05 -1.603872e-06 2.454470e-04 4.794047e-02
6 27 2.249632e+02 1.349499e+02 7.496925e+01 -1.502206e+01 2.961464e-02 4.077055e-02 -4.474450e-02 -9.981661e-01 8.023255e-06 4.481568e-06 -5.616130e-05 1.609805e-01
6 27 2.250417e+02 1.349499e+02 7.500853e+01 -1.502210e+01 2.957898e-02 -3.780339e-02 -4.484660e-02 -9.982784e-01 -1.767826e-05 -4.466293e-06 -2.476793e-04 4.288694e-02
5 27 2.249634e+02 1.199491e+02 7.496940e+01 -3.001772e+01 -2.909126e-02 4.064472e-02 -4.402561e-02 9.982033e-01 8.896945e-06 2.639835e-06 5.488520e-05 1.520216e-01
5 27 2.250416e+02 1.199490e+02 7.500855e+01 -3.001776e+01 -2.905442e-02 -3.768421e-02 -4.412640e-02 9.983150e-01 -1.846829e-05 -6.895421e-06 2.481842e-04 4.007420e-02
4 27 2.249636e+02 1.049481e+02 7.496963e+01 -4.501313e+01 2.810659e-02 4.047595e-02 -4.335335e-02 -9.982395e-01 9.527258e-06 6.509361e-07 -5.350216e-05 1.475782e-01
4 27 2.250414e+02 1.049480e+02 7.500863e+01 -4.501318e+01 2.806847e-02 -3.753870e-02 -4.345243e-02 -9.983500e-01 -1.894151e-05 -9.103106e-06 -2.480453e-04 3.923126e-02
3 27 2.249638e+02 8.994687e+01 7.496995e+01 -6.000808e+01 -2.668043e-02 4.026580e-02 -4.271432e-02 9.982756e-01 9.928664e-06 -1.208567e-06 5.180180e-05 1.514276e-01
3 27 2.250413e+02 8.994678e+01 7.500876e+01 -6.000813e+01 -2.664074e-02 -3.736616e-02 -4.281111e-02 9.983842e-01 -1.912442e-05 -1.136246e-05 2.475091e-04 3.979412e-02
2 27 2.249639e+02 7.494539e+01 7.497031e+01 -7.500248e+01 2.490024e-02 4.008658e-02 -4.210973e-02 -9.983085e-01 9.388467e-06 -3.198117e-06 -5.027708e-05 1.467397e-01
2 27 2.250411e+02 7.494530e+01 7.500897e+01 -7.500253e+01 2.485920e-02 -3.724213e-02 -4.220421e-02 -9.984146e-01 -1.832162e-05 -1.329602e-05 -2.461720e-04 3.875719e-02
1 27 2.249639e+02 5.994355e+01 7.497062e+01 -8.999620e+01 -2.292789e-02 4.006266e-02 -4.156207e-02 9.983324e-01 6.717421e-06 -4.579777e-06 5.021019e-05 1.050251e-01
1 27 2.250411e+02 5.994346e+01 7.500929e+01 -8.999625e+01 -2.288699e-02 -3.729397e-02 -4.165423e-02 9.984358e-01 -1.538897e-05 -1.546760e-05 2.428944e-04 3.386763e-02
0 27 2.249640e+02 4.494096e+01 7.497112e+01 -1.049894e+02 2.094189e-02 3.983698e-02 -4.131166e-02 -9.983518e-01 6.468060e-06 -5.840588e-06 -5.022368e-05 1.150971e-01
0 27 2.250409e+02 4.494087e+01 7.500961e+01 -1.049894e+02 2.090074e-02 -3.714580e-02 -4.140111e-02 -9.984519e-01 -1.487881e-05 -1.660853e-05 -2.399188e-04 3.704130e-02
14 26 2.099636e+02 2.550586e+02 5.997373e+01 1.049887e+02 -1.942997e-02 3.961816e-02 4.137484e-02 9.983579e-01 6.941782e-06 6.940600e-06 6.507161e-05 9.269578e-02
14 26 2.100406e+02 2.550587e+02 6.001226e+01 1.049887e+02 -1.939226e-02 -3.746148e-02 4.144234e-02 9.984384e-01 -1.337096e-05 1.617706e-05 2.265373e-04 3.664265e-02
13 26 2.099635e+02 2.400561e+02 5.997335e+01 8.999568e+01 2.136461e-02 3.978730e-02 4.166002e-02 -9.983394e-01 7.805787e-06 5.988312e-06 -6.522199e-05 9.344388e-02
13 26 2.100407e+02 2.400562e+02 6.001202e+01 8.999572e+01 2.132693e-02 -3.756648e-02 4.172999e-02 -9.984224e-01 -1.444307e-05 1.462008e-05 -2.294446e-04 3.332715e-02
12 26 2.099635e+02 2.250543e+02 5.997310e+01 7.500208e+01 -2.332309e-02 3.981879e-02 4.223095e-02 9.983141e-01 1.035973e-05 4.647909e-06 6.572859e-05 1.200546e-01
12 26 2.100408e+02 2.250544e+02 6.001178e+01 7.500212e+01 -2.328534e-02 -3.754131e-02 4.230306e-02 9.983993e-01 -1.721192e-05 1.229629e-05 2.323480e-04 3.779933e-02
11 26 2.099635e+02 2.100528e+02 5.997290e+01 6.000779e+01 2.499122e-02 3.986350e-02 4.286564e-02 -9.982852e-01 1.233811e-05 2.624968e-06 -6.658952e-05 1.442255e-01
11 26 2.100408e+02 2.100529e+02 6.001160e+01 6.000782e+01 2.495372e-02 -3.754038e-02 4.293917e-02 -9.983721e-01 -1.937837e-05 1.030565e-05 -2.344533e-04 4.487761e-02
10 26 2.099634e+02 1.950517e+02 5.997269e+01 4.501292e+01 -2.634452e-02 4.000111e-02 4.353100e-02 9.982510e-01 1.269091e-05 7.083826e-07 6.799912e-05 1.492871e-01
10 26 2.100409e+02 1.950517e+02 6.001151e+01 4.501296e+01 -2.630796e-02 -3.764943e-02 4.360613e-02 9.983391e-01 -1.989267e-05 8.015270e-06 2.353337e-04 4.763352e-02
9 26 2.099633e+02 1.800506e+02 5.997252e+01 3.001761e+01 2.727531e-02 4.012996e-02 4.423209e-02 -9.982150e-01 1.247253e-05 -1.251294e-06 -6.936817e-05 1.521598e-01
9 26 2.100410e+02 1.800507e+02 6.001146e+01 3.001765e+01 2.723975e-02 -3.776288e-02 4.430853e-02 -9.983039e-01 -1.979341e-05 5.690107e-06 -2.355350e-04 5.030613e-02
8 26 2.099631e+02 1.650498e+02 5.997239e+01 1.502206e+01 -2.776806e-02 4.025058e-02 4.497713e-02 9.981768e-01 1.163461e-05 -3.089138e-06 7.077649e-05 1.520781e-01
8 26 2.100411e+02 1.650498e+02 6.001145e+01 1.502209e+01 -2.773366e-02 -3.788197e-02 4.505468e-02 9.982660e-01 -1.901812e-05 3.175425e-06 2.349124e-04 5.327636e-02
7 26 2.099629e+02 1.499505e+02 5.997229e+01 -2.639521e-02 2.795930e-02 4.034223e-02 -4.570635e-02 -9.981400e-01 1.070654e-05 5.367963e-06 -7.298747e-05 1.596826e-01
7 26 2.100411e+02 1.499505e+02 6.001144e+01 -2.642576e-02 2.792673e-02 -3.798654e-02 -4.578444e-02 -9.982288e-01 -1.812804e-05 -1.031298e-06 -2.330845e-04 5.732215e-02
6 26 2.099632e+02 1.349498e+02 5.997241e+01 -1.502207e+01 -2.787557e-02 4.020200e-02 -4.488925e-02 9.981827e-01 1.239313e-05 3.865503e-06 7.092013e-05 1.668040e-01
6 26 2.100410e+02 1.349498e+02 6.001142e+01 -1.502210e+01 -2.784109e-02 -3.783096e-02 -4.496607e-02 9.982719e-01 -1.980378e-05 -3.942991e-06 2.350664e-04 5.416996e-02
5 26 2.099633e+02 1.199489e+02 5.997253e+01 -3.001771e+01 2.736578e-02 4.009324e-02 -4.416208e-02 -9.982195e-01 1.308573e-05 1.945508e-06 -6.965371e-05 1.636312e-01
5 26 2.100410e+02 1.199489e+02 6.001143e+01 -3.001774e+01 2.733027e-02 -3.772562e-02 -4.423789e-02 -9.983085e-01 -2.042760e-05 -6.320519e-06 -2.355261e-04 5.181466e-02
4 26 2.099634e+02 1.049479e+02 5.997270e+01 -4.501306e+01 -2.641574e-02 3.996862e-02 -4.347832e-02 9.982545e-01 1.324596e-05 -7.749935e-09 6.834917e-05 1.587685e-01
4 26 2.100409e+02 1.049479e+02 6.001148e+01 -4.501310e+01 -2.637929e-02 -3.761744e-02 -4.355285e-02 9.983427e-01 -2.046982e-05 -8.616235e-06 2.352480e-04 4.964434e-02
3 26 2.099636e+02 8.994671e+01 5.997291e+01 -6.000800e+01 2.505338e-02 3.983860e-02 -4.282832e-02 -9.982879e-01 1.279076e-05 -2.019413e-06 -6.689727e-05 1.506431e-01
3 26 2.100408e+02 8.994664e+01 6.001159e+01 -6.000803e+01 2.501597e-02 -3.751650e-02 -4.290134e-02 -9.983747e-01 -1.984646e-05 -1.074414e-05 -2.343841e-04 4.698151e-02
2 26 2.099635e+02 7.494526e+01 5.997310e+01 -7.500233e+01 -2.339008e-02 3.981420e-02 -4.220734e-02 9.983153e-01 1.058002e-05 -3.915196e-06 6.605804e-05 1.204837e-01
2 26 2.100408e+02 7.494519e+01 6.001177e+01 -7.500237e+01 -2.335246e-02 -3.753779e-02 -4.227889e-02 9.984004e-01 -1.744907e-05 -1.280432e-05 2.322379e-04 3.946687e-02
1 26 2.099635e+02 5.994338e+01 5.997334e+01 -8.999606e+01 2.144362e-02 3.979502e-02 -4.165520e-02 -9.983392e-01 7.892476e-06 -5.525111e-06 -6.553352e-05 9.039774e-02
1 26 2.100407e+02 5.994331e+01 6.001202e+01 -8.999609e+01 2.140610e-02 -3.757542e-02 -4.172490e-02 -9.984223e-01 -1.454886e-05 -1.474935e-05 -2.293553e-04 3.407113e-02
0 26 2.099637e+02 4.494081e+01 5.997376e+01 -1.049892e+02 -1.948738e-02 3.957628e-02 -4.138564e-02 9.983591e-01 7.583955e-06 -6.487714e-06 6.503968e-05 9.571572e-02
0 26 2.100405e+02 4.494074e+01 6.001225e+01 -1.049892e+02 -1.944949e-02 -3.741756e-02 -4.145280e-02 9.984396e-01 -1.402232e-05 -1.619987e-05 2.268201e-04 3.835850e-02
14 25 1.949633e+02 2.550587e+02 4.497598e+01 1.049885e+02 1.835856e-02 3.939256e-02 4.143710e-02 -9.983643e-01 7.839196e-06 7.471385e-06 -7.800656e-05 8.103472e-02
14 25 1.950403e+02 2.550587e+02 4.501452e+01 1.049886e+02 1.832350e-02 -3.771418e-02 4.148435e-02 -9.984271e-01 -1.243632e-05 1.584148e-05 -2.149033e-04 3.773027e-02
13 25 1.949632e+02 2.400562e+02 4.497567e+01 8.999557e+01 -2.027295e-02 3.955763e-02 4.173657e-02 9.983453e-01 8.720784e-06 6.764926e-06 7.870000e-05 8.311343e-02
13 25 1.950404e+02 2.400563e+02 4.501435e+01 8.999561e+01 -2.023810e-02 -3.783215e-02 4.178605e-02 9.984100e-01 -1.347816e-05 1.402306e-05 2.173198e-04 3.294409e-02
12 25 1.949632e+02 2.250544e+02 4.497549e+01 7.500198e+01 2.221238e-02 3.958311e-02 4.231099e-02 -9.983200e-01 1.131121e-05 5.238173e-06 -7.964247e-05 1.041911e-01
12 25 1.950404e+02 2.250544e+02 4.501418e+01 7.500200e+01 2.217755e-02 -3.781642e-02 4.236210e-02 -9.983864e-01 -1.622933e-05 1.188753e-05 -2.198333e-04 3.761117e-02
11 25 1.949632e+02 2.100529e+02 4.497535e+01 6.000772e+01 -2.385662e-02 3.960469e-02 4.295136e-02 9.982919e-01 1.350981e-05 3.365024e-06 8.065038e-05 1.268944e-01
11 25 1.950405e+02 2.100530e+02 4.501405e+01 6.000775e+01 -2.382188e-02 -3.780633e-02 4.300364e-02 9.983593e-01 -1.856549e-05 9.713451e-06 2.218452e-04 4.563438e-02
10 25 1.949631e+02 1.950517e+02 4.497523e+01 4.501287e+01 2.514734e-02 3.965804e-02 4.362858e-02 -9.982604e-01 1.478420e-05 1.261299e-06 -8.177701e-05 1.429283e-01
10 25 1.950405e+02 1.950518e+02 4.501398e+01 4.501290e+01 2.511296e-02 -3.783818e-02 4.368176e-02 -9.983287e-01 -1.994981e-05 7.596542e-06 -2.230924e-04 5.223898e-02
9 25 1.949630e+02 1.800507e+02 4.497511e+01 3.001761e+01 -2.605551e-02 3.975652e-02 4.433773e-02 9.982252e-01 1.488954e-05 -7.253134e-07 8.312678e-05 1.483147e-01
9 25 1.950406e+02 1.800508e+02 4.501395e+01 3.001763e+01 -2.602191e-02 -3.792737e-02 4.439185e-02 9.982940e-01 -2.013932e-05 5.254598e-06 2.233562e-04 5.605625e-02
8 25 1.949629e+02 1.650499e+02 4.497501e+01 1.502206e+01 2.653422e-02 3.985721e-02 4.508962e-02 -9.981875e-01 1.427025e-05 -2.590488e-06 -8.446624e-05 1.491189e-01
8 25 1.950406e+02 1.650499e+02 4.501395e+01 1.502208e+01 2.650160e-02 -3.802906e-02 4.514460e-02 -9.982564e-01 -1.957036e-05 2.750190e-06 -2.228403e-04 5.948579e-02
7 25 1.949628e+02 1.499505e+02 4.497491e+01 -2.639362e-02 -2.673234e-02 3.994509e-02 -4.580581e-02 9.981514e-01 1.332112e-05 4.857658e-06 8.638125e-05 1.529335e-01
7 25 1.950407e+02 1.499505e+02 4.501394e+01 -2.641436e-02 -2.670127e-02 -3.812921e-02 -4.586118e-02 9.982198e-01 -1.864766e-05 -5.968529e-07 2.212497e-04 6.310013e-02
6 25 1.949629e+02 1.349497e+02 4.497503e+01 -1.502209e+01 2.664188e-02 3.981254e-02 -4.500219e-02 -9.981933e-01 1.497414e-05 3.351228e-06 -8.467082e-05 1.604584e-01
6 25 1.950406e+02 1.349497e+02 4.501392e+01 -1.502211e+01 2.660924e-02 -3.798350e-02 -4.505648e-02 -9.982620e-01 -2.028904e-05 -3.476571e-06 -2.229206e-04 6.049508e-02
5 25 1.949631e+02 1.199489e+02 4.497512e+01 -3.001768e+01 -2.614584e-02 3.972495e-02 -4.426835e-02 9.982296e-01 1.544166e-05 1.402686e-06 8.348831e-05 1.567268e-01
5 25 1.950405e+02 1.199488e+02 4.501392e+01 -3.001771e+01 -2.611236e-02 -3.789660e-02 -4.432190e-02 9.982983e-01 -2.071101e-05 -5.875960e-06 2.232677e-04 5.752163e-02
4 25 1.949632e+02 1.049478e+02 4.497524e+01 -4.501303e+01 2.522074e-02 3.963028e-02 -4.357627e-02 -9.982638e-01 1.527714e-05 -6.020168e-07 -8.216626e-05 1.497246e-01
4 25 1.950405e+02 1.049478e+02 4.501395e+01 -4.501305e+01 2.518652e-02 -3.781187e-02 -4.362891e-02 -9.983320e-01 -2.046105e-05 -8.137392e-06 -2.229579e-04 5.416408e-02
3 25 1.949632e+02 8.994663e+01 4.497536e+01 -6.000792e+01 -2.391900e-02 3.958387e-02 -4.291474e-02 9.982943e-01 1.391665e-05 -2.662576e-06 8.104045e-05 1.315195e-01
3 25 1.950404e+02 8.994658e+01 4.501403e+01 -6.000794e+01 -2.388442e-02 -3.778737e-02 -4.296648e-02 9.983616e-01 -1.898606e-05 -1.025765e-05 2.216935e-04 4.769034e-02
2 25 1.949632e+02 7.494515e+01 4.497548e+01 -7.500225e+01 2.227793e-02 3.957706e-02 -4.228862e-02 -9.983212e-01 1.154399e-05 -4.671118e-06 -7.997404e-05 1.051322e-01
2 25 1.950404e+02 7.494510e+01 4.501417e+01 -7.500228e+01 2.224324e-02 -3.781215e-02 -4.233931e-02 -9.983875e-01 -1.647323e-05 -1.220862e-05 -2.197207e-04 3.917514e-02
1 25 1.949631e+02 5.994328e+01 4.497566e+01 -8.999593e+01 -2.034919e-02 3.956250e-02 -4.173136e-02 9.983453e-01 8.837917e-06 -6.080589e-06 7.901072e-05 7.973807e-02
1 25 1.950404e+02 5.994323e+01 4.501435e+01 -8.999595e+01 -2.031447e-02 -3.783861e-02 -4.178038e-02 9.984100e-01 -1.361116e-05 -1.438548e-05 2.172358e-04 3.456419e-02
0 25 1.949633e+02 4.494067e+01 4.497600e+01 -1.049890e+02 1.841648e-02 3.935071e-02 -4.144951e-02 -9.983654e-01 8.481289e-06 -7.243054e-06 -7.799164e-05 8.558509e-02
0 25 1.950402e+02 4.494063e+01 4.501450e+01 -1.049891e+02 1.838126e-02 -3.767099e-02 -4.149666e-02 -9.984282e-01 -1.308705e-05 -1.561495e-05 -2.151764e-04 3.845537e-02
14 24 1.799630e+02 2.550588e+02 2.997794e+01 1.049884e+02 -1.762762e-02 3.918630e-02 4.148604e-02 9.983703e-01 8.659790e-06 8.116584e-06 8.951210e-05 7.505469e-02
14 24 1.800400e+02 2.550588e+02 3.001650e+01 1.049885e+02 -1.759481e-02 -3.794555e-02 4.151478e-02 9.984171e-01 -1.153426e-05 1.531832e-05 2.043114e-04 3.795533e-02
13 24 1.799628e+02 2.400563e+02 2.997770e+01 8.999548e+01 1.952602e-02 3.934485e-02 4.179312e-02 -9.983513e-01 9.573578e-06 7.264658e-06 -9.072827e-05 7.579778e-02
13 24 1.800401e+02 2.400563e+02 3.001641e+01 8.999550e+01 1.949354e-02 -3.807384e-02 4.182345e-02 -9.983993e-01 -1.255750e-05 1.366800e-05 -2.062394e-04 3.318030e-02
12 24 1.799629e+02 2.250545e+02 2.997758e+01 7.500192e+01 -2.145262e-02 3.936351e-02 4.237172e-02 9.983262e-01 1.220272e-05 5.905428e-06 9.206764e-05 9.490224e-02
12 24 1.800401e+02 2.250545e+02 3.001629e+01 7.500194e+01 -2.142026e-02 -3.806643e-02 4.240343e-02 9.983751e-01 -1.528789e-05 1.133183e-05 2.083905e-04 3.701601e-02
11 24 1.799629e+02 2.100530e+02 2.997749e+01 6.000766e+01 2.308708e-02 3.937872e-02 4.301517e-02 -9.982980e-01 1.444497e-05 3.949648e-06 -9.335031e-05 1.144968e-01
11 24 1.800402e+02 2.100530e+02 3.001621e+01 6.000768e+01 2.305482e-02 -3.806234e-02 4.304766e-02 -9.983477e-01 -1.762114e-05 9.248426e-06 -2.101607e-04 4.553837e-02
10 24 1.799628e+02 1.950518e+02 2.997743e+01 4.501286e+01 -2.435171e-02 3.939569e-02 4.369963e-02 9.982677e-01 1.610397e-05 1.823572e-06 9.448463e-05 1.324090e-01
10 24 1.800402e+02 1.950519e+02 3.001615e+01 4.501287e+01 -2.431961e-02 -3.806604e-02 4.373265e-02 9.983178e-01 -1.934934e-05 7.116163e-06 2.114460e-04 5.413574e-02
9 24 1.799628e+02 1.800508e+02 2.997735e+01 3.001759e+01 2.523731e-02 3.946349e-02 4.441484e-02 -9.982334e-01 1.654594e-05 -2.174745e-07 -9.580627e-05 1.404102e-01
9 24 1.800402e+02 1.800508e+02 3.001614e+01 3.001760e+01 2.520579e-02 -3.812935e-02 4.444847e-02 -9.982837e-01 -1.984326e-05 4.819172e-06 -2.117787e-04 5.943810e-02
8 24 1.799627e+02 1.650499e+02 2.997727e+01 1.502208e+01 -2.570634e-02 3.954701e-02 4.517132e-02 9.981962e-01 1.611322e-05 -2.138656e-06 9.705405e-05 1.426482e-01
8 24 1.800403e+02 1.650500e+02 3.001614e+01 1.502209e+01 -2.567563e-02 -3.821573e-02 4.520556e-02 9.982465e-01 -1.944058e-05 2.330219e-06 2.113750e-04 6.354377e-02
7 24 1.799625e+02 1.499504e+02 2.997718e+01 -2.642128e-02 2.590269e-02 3.962681e-02 -4.588374e-02 -9.981605e-01 1.522306e-05 4.420805e-06 -9.878836e-05 1.456796e-01
7 24 1.800403e+02 1.499504e+02 3.001614e+01 -2.643303e-02 2.587334e-02 -3.830721e-02 -4.591826e-02 -9.982104e-01 -1.857369e-05 -1.830270e-07 -2.099457e-04 6.731299e-02
6 24 1.799627e+02 1.349497e+02 2.997728e+01 -1.502209e+01 -2.581584e-02 3.951023e-02 -4.508438e-02 9.982015e-01 1.672698e-05 2.863271e-06 9.739329e-05 1.511833e-01
6 24 1.800402e+02 1.349496e+02 3.001612e+01 -1.502210e+01 -2.578522e-02 -3.817991e-02 -4.511803e-02 9.982518e-01 -2.006690e-05 -3.037115e-06 2.113184e-04 6.438206e-02
5 24 1.799628e+02 1.199488e+02 2.997735e+01 -3.001769e+01 2.532781e-02 3.943263e-02 -4.434576e-02 -9.982377e-01 1.708130e-05 8.940880e-07 -9.620740e-05 1.473847e-01
5 24 1.800402e+02 1.199487e+02 3.001612e+01 -3.001770e+01 2.529645e-02 -3.810030e-02 -4.437884e-02 -9.982880e-01 -2.039278e-05 -5.419145e-06 -2.116460e-04 6.096048e-02
4 24 1.799629e+02 1.049478e+02 2.997744e+01 -4.501299e+01 -2.442325e-02 3.936752e-02 -4.364727e-02 9.982710e-01 1.660307e-05 -1.161465e-06 9.491504e-05 1.382570e-01
4 24 1.800401e+02 1.049477e+02 3.001613e+01 -4.501301e+01 -2.439133e-02 -3.804011e-02 -4.367979e-02 9.983211e-01 -1.985728e-05 -7.676073e-06 2.112729e-04 5.615079e-02
3 24 1.799629e+02 8.994655e+01 2.997750e+01 -6.000788e+01 2.314972e-02 3.935768e-02 -4.297886e-02 -9.983004e-01 1.484940e-05 -3.298303e-06 -9.376548e-05 1.184083e-01
3 24 1.800401e+02 8.994652e+01 3.001619e+01 -6.000789e+01 2.311765e-02 -3.804367e-02 -4.301087e-02 -9.983500e-01 -1.803441e-05 -9.721755e-06 -2.099828e-04 4.767474e-02
2 24 1.799629e+02 7.494509e+01 2.997758e+01 -7.500217e+01 -2.151673e-02 3.935666e-02 -4.234923e-02 9.983274e-01 1.244089e-05 -5.201410e-06 9.243345e-05 9.550176e-02
2 24 1.800401e+02 7.494506e+01 3.001628e+01 -7.500219e+01 -2.148453e-02 -3.806188e-02 -4.238042e-02 9.983763e-01 -1.553625e-05 -1.181511e-05 2.082458e-04 3.898743e-02
1 24 1.799628e+02 5.994319e+01 2.997770e+01 -8.999586e+01 1.960198e-02 3.934881e-02 -4.179003e-02 -9.983513e-01 9.701423e-06 -6.745431e-06 -9.105620e-05 7.393786e-02
1 24 1.800401e+02 5.994316e+01 3.001641e+01 -8.999587e+01 1.956964e-02 -3.808014e-02 -4.182005e-02 -9.983992e-01 -1.269336e-05 -1.384155e-05 -2.061403e-04 3.427928e-02
0 24 1.799630e+02 4.494061e+01 2.997796e+01 -1.049889e+02 -1.768476e-02 3.914354e-02 -4.149752e-02 9.983715e-01 9.310844e-06 -7.695370e-06 8.950389e-05 7.798455e-02
0 24 1.800399e+02 4.494058e+01 3.001648e+01 -1.049889e+02 -1.765178e-02 -3.790161e-02 -4.152603e-02 9.984183e-01 -1.219272e-05 -1.530354e-05 2.045759e-04 3.943077e-02
14 23 1.649627e+02 2.550588e+02 1.497972e+01 1.049884e+02 1.720555e-02 3.898868e-02 4.151758e-02 -9.983768e-01 9.478219e-06 8.537940e-06 -1.000030e-04 7.036716e-02
14 23 1.650397e+02 2.550588e+02 1.501829e+01 1.049884e+02 1.717468e-02 -3.815793e-02 4.152871e-02 -9.984084e-01 -1.070280e-05 1.498674e-05 -1.943549e-04 3.910735e-02
13 23 1.649626e+02 2.400563e+02 1.497956e+01 8.999545e+01 -1.909495e-02 3.914007e-02 4.183116e-02 9.983578e-01 1.041824e-05 7.835998e-06 1.017355e-04 7.179598e-02
13 23 1.650399e+02 2.400563e+02 1.501827e+01 8.999546e+01 -1.906457e-02 -3.829637e-02 4.184347e-02 9.983900e-01 -1.169705e-05 1.316910e-05 1.957896e-04 3.299714e-02
12 23 1.649626e+02 2.250545e+02 1.497949e+01 7.500187e+01 2.101302e-02 3.915114e-02 4.241056e-02 -9.983329e-01 1.308978e-05 6.401295e-06 -1.034461e-04 8.882386e-02
12 23 1.650399e+02 2.250545e+02 1.501821e+01 7.500188e+01 2.098283e-02 -3.829583e-02 4.242376e-02 -9.983655e-01 -1.441410e-05 1.092026e-05 -1.975861e-04 3.670015e-02
11 23 1.649626e+02 2.100531e+02 1.497944e+01 6.000765e+01 -2.264295e-02 3.916059e-02 4.305705e-02 9.983048e-01 1.536507e-05 4.524932e-06 1.050035e-04 1.063932e-01
11 23 1.650399e+02 2.100531e+02 1.501817e+01 6.000766e+01 -2.261290e-02 -3.829782e-02 4.307077e-02 9.983377e-01 -1.672892e-05 8.729789e-06 1.991035e-04 4.547379e-02
10 23 1.649625e+02 1.950519e+02 1.497941e+01 4.501283e+01 2.390337e-02 3.917319e-02 4.374393e-02 -9.982745e-01 1.705855e-05 2.402501e-06 -1.063693e-04 1.222400e-01
10 23 1.650399e+02 1.950519e+02 1.501814e+01 4.501284e+01 2.387351e-02 -3.830613e-02 4.375794e-02 -9.983075e-01 -1.845084e-05 6.599605e-06 -2.001790e-04 5.468415e-02
9 23 1.649625e+02 1.800509e+02 1.497937e+01 3.001760e+01 -2.476581e-02 3.920306e-02 4.446396e-02 9.982415e-01 1.790915e-05 2.531406e-07 1.075578e-04 1.333612e-01
9 23 1.650399e+02 1.800509e+02 1.501813e+01 3.001760e+01 -2.473630e-02 -3.833503e-02 4.447822e-02 9.982746e-01 -1.932236e-05 4.377363e-06 2.006708e-04 6.200065e-02
8 23 1.649624e+02 1.650500e+02 1.497930e+01 1.502208e+01 2.522859e-02 3.927843e-02 4.522351e-02 -9.982044e-01 1.756707e-05 -1.677736e-06 -1.087968e-04 1.358447e-01
8 23 1.650400e+02 1.650500e+02 1.501814e+01 1.502208e+01 2.519980e-02 -3.841522e-02 4.523822e-02 -9.982373e-01 -1.899927e-05 1.903080e-06 -2.002910e-04 6.663444e-02
7 23 1.649623e+02 1.499504e+02 1.497923e+01 -2.642825e-02 -2.541909e-02 3.935143e-02 -4.593867e-02 9.981689e-01 1.675335e-05 3.974087e-06 1.104593e-04 1.386625e-01
7 23 1.650400e+02 1.499504e+02 1.501814e+01 -2.643158e-02 -2.539158e-02 -3.849956e-02 -4.595361e-02 9.982014e-01 -1.820298e-05 2.469198e-07 1.989371e-04 7.085357e-02
6 23 1.649624e+02 1.349496e+02 1.497932e+01 -1.502211e+01 2.533859e-02 3.924162e-02 -4.513627e-02 -9.982098e-01 1.816895e-05 2.404256e-06 -1.091863e-04 1.432312e-01
6 23 1.650399e+02 1.349496e+02 1.501812e+01 -1.502211e+01 2.530993e-02 -3.838063e-02 -4.515040e-02 -9.982426e-01 -1.961025e-05 -2.588601e-06 -2.001797e-04 6.753462e-02
5 23 1.649625e+02 1.199487e+02 1.497937e+01 -3.001767e+01 -2.485639e-02 3.917539e-02 -4.439486e-02 9.982457e-01 1.840896e-05 3.983548e-07 1.080421e-04 1.390126e-01
5 23 1.650399e+02 1.199487e+02 1.501811e+01 -3.001768e+01 -2.482710e-02 -3.831036e-02 -4.440863e-02 9.982786e-01 -1.983542e-05 -4.970268e-06 2.004577e-04 6.347655e-02
4 23 1.649626e+02 1.049477e+02 1.497941e+01 -4.501299e+01 2.397494e-02 3.914462e-02 -4.369204e-02 -9.982778e-01 1.755422e-05 -1.718073e-06 -1.068213e-04 1.274037e-01
4 23 1.650398e+02 1.049477e+02 1.501812e+01 -4.501299e+01 2.394529e-02 -3.828045e-02 -4.370555e-02 -9.983108e-01 -1.895557e-05 -7.156419e-06 -1.999797e-04 5.677785e-02
3 23 1.649626e+02 8.994653e+01 1.497945e+01 -6.000784e+01 -2.270409e-02 3.913921e-02 -4.302033e-02 9.983072e-01 1.577209e-05 -3.834768e-06 1.054507e-04 1.098651e-01
3 23 1.650398e+02 8.994652e+01 1.501815e+01 -6.000785e+01 -2.267425e-02 -3.827938e-02 -4.303356e-02 9.983400e-01 -1.714267e-05 -9.256899e-06 1.988942e-04 4.775537e-02
2 23 1.649626e+02 7.494504e+01 1.497949e+01 -7.500215e+01 2.107692e-02 3.914421e-02 -4.238905e-02 -9.983341e-01 1.332754e-05 -5.777709e-06 -1.038415e-04 8.950207e-02
2 23 1.650399e+02 7.494503e+01 1.501820e+01 -7.500216e+01 2.104690e-02 -3.829182e-02 -4.240183e-02 -9.983666e-01 -1.465644e-05 -1.129723e-05 -1.974140e-04 3.861052e-02
1 23 1.649626e+02 5.994316e+01 1.497955e+01 -8.999580e+01 -1.916974e-02 3.914334e-02 -4.182725e-02 9.983578e-01 1.055416e-05 -7.195428e-06 1.020776e-04 6.979514e-02
1 23 1.650399e+02 5.994315e+01 1.501827e+01 -8.999581e+01 -1.913949e-02 -3.830225e-02 -4.183915e-02 9.983899e-01 -1.183621e-05 -1.348135e-05 1.956792e-04 3.471700e-02
0 23 1.649628e+02 4.494055e+01 1.497975e+01 -1.049889e+02 1.726308e-02 3.894592e-02 -4.153053e-02 -9.983779e-01 1.012933e-05 -8.256325e-06 -1.000061e-04 7.400052e-02
0 23 1.650397e+02 4.494053e+01 1.501827e+01 -1.049889e+02 1.723208e-02 -3.811442e-02 -4.154159e-02 -9.984095e-01 -1.135776e-05 -1.481085e-05 -1.946107e-04 3.975770e-02
14 22 1.499625e+02 2.550589e+02 -1.857787e-02 1.049884e+02 -1.707591e-02 3.879318e-02 4.153371e-02 9.983837e-01 1.030890e-05 9.028331e-06 1.099012e-04 6.781239e-02
14 22 1.500395e+02 2.550589e+02 1.999252e-02 1.049884e+02 -1.704686e-02 -3.835899e-02 4.152784e-02 9.984007e-01 -9.922830e-06 1.450951e-05 1.846211e-04 3.984057e-02
13 22 1.499623e+02 2.400563e+02 -1.867461e-02 8.999542e+01 1.896089e-02 3.893591e-02 4.184746e-02 -9.983650e-01 1.128848e-05 8.284299e-06 -1.121268e-04 6.899686e-02
13 22 1.500396e+02 2.400563e+02 2.004050e-02 8.999542e+01 1.893244e-02 -3.850587e-02 4.184214e-02 -9.983820e-01 -1.089228e-05 1.275185e-05 -1.855660e-04 3.335355e-02
12 22 1.499623e+02 2.250545e+02 -1.868745e-02 7.500187e+01 -2.087707e-02 3.893964e-02 4.242777e-02 9.983404e-01 1.399074e-05 6.921278e-06 1.141912e-04 8.488055e-02
12 22 1.500396e+02 2.250545e+02 2.003270e-02 7.500187e+01 -2.084889e-02 -3.851237e-02 4.242299e-02 9.983572e-01 -1.358429e-05 1.042078e-05 1.870150e-04 3.636440e-02
11 22 1.499623e+02 2.100531e+02 -1.869559e-02 6.000763e+01 2.250510e-02 3.894347e-02 4.307505e-02 -9.983125e-01 1.629543e-05 5.033564e-06 -1.160416e-04 1.007718e-01
11 22 1.500396e+02 2.100530e+02 2.003042e-02 6.000763e+01 2.247712e-02 -3.852037e-02 4.307044e-02 -9.983292e-01 -1.588122e-05 8.251685e-06 -1.882455e-04 4.559161e-02
10 22 1.499622e+02 1.950519e+02 -1.870524e-02 4.501284e+01 -2.376580e-02 3.895195e-02 4.376320e-02 9.982823e-01 1.800764e-05 2.919952e-06 1.176118e-04 1.149953e-01
10 22 1.500396e+02 1.950519e+02 2.003126e-02 4.501284e+01 -2.373805e-02 -3.853296e-02 4.375865e-02 9.982988e-01 -1.758520e-05 6.089826e-06 1.891199e-04 5.541088e-02
9 22 1.499622e+02 1.800509e+02 -1.871633e-02 3.001759e+01 2.461779e-02 3.896414e-02 4.448451e-02 -9.982499e-01 1.904687e-05 7.643947e-07 -1.188137e-04 1.264879e-01
9 22 1.500396e+02 1.800509e+02 2.003412e-02 3.001758e+01 2.459029e-02 -3.854875e-02 4.448000e-02 -9.982663e-01 -1.861842e-05 3.889190e-06 -1.896130e-04 6.404422e-02
8 22 1.499621e+02 1.650500e+02 -1.876291e-02 1.502210e+01 -2.507230e-02 3.902359e-02 4.524544e-02 9.982134e-01 1.887526e-05 -1.251932e-06 1.199551e-04 1.302248e-01
8 22 1.500396e+02 1.650500e+02 2.004989e-02 1.502209e+01 -2.504539e-02 -3.861405e-02 4.524117e-02 9.982295e-01 -1.844839e-05 1.472652e-06 1.893338e-04 6.956092e-02
7 22 1.499620e+02 1.499504e+02 -1.883292e-02 -2.645287e-02 2.525667e-02 3.908838e-02 -4.596147e-02 -9.981782e-01 1.814985e-05 3.567001e-06 -1.215345e-04 1.331484e-01
7 22 1.500397e+02 1.499504e+02 2.005016e-02 -2.644800e-02 2.523093e-02 -3.868984e-02 -4.595733e-02 -9.981939e-01 -1.774078e-05 6.664803e-07 -1.880688e-04 7.435174e-02
6 22 1.499622e+02 1.349496e+02 -1.875114e-02 -1.502210e+01 -2.518283e-02 3.898986e-02 -4.515861e-02 9.982187e-01 1.944323e-05 1.923109e-06 1.204422e-04 1.362942e-01
6 22 1.500396e+02 1.349496e+02 2.002980e-02 -1.502209e+01 -2.515613e-02 -3.858405e-02 -4.515382e-02 9.982346e-01 -1.902322e-05 -2.127632e-06 1.891314e-04 7.045150e-02
5 22 1.499622e+02 1.199487e+02 -1.870703e-02 -3.001769e+01 2.470735e-02 3.893310e-02 -4.441584e-02 -9.982542e-01 1.957757e-05 -7.930253e-08 -1.193104e-04 1.318960e-01
5 22 1.500396e+02 1.199487e+02 2.001422e-02 -3.001768e+01 2.468008e-02 -3.852138e-02 -4.441083e-02 -9.982704e-01 -1.915585e-05 -4.495001e-06 -1.893864e-04 6.568295e-02
4 22 1.499623e+02 1.049477e+02 -1.869755e-02 -4.501297e+01 -2.383627e-02 3.892285e-02 -4.371090e-02 9.982857e-01 1.850902e-05 -2.260214e-06 1.181027e-04 1.196068e-01
4 22 1.500396e+02 1.049477e+02 2.001164e-02 -4.501297e+01 -2.380875e-02 -3.850746e-02 -4.370588e-02 9.983020e-01 -1.809495e-05 -6.644318e-06 1.888871e-04 5.763576e-02
3 22 1.499623e+02 8.994650e+01 -1.869150e-02 -6.000785e+01 2.256688e-02 3.892180e-02 -4.303874e-02 -9.983150e-01 1.670049e-05 -4.352820e-06 -1.165056e-04 1.038746e-01
3 22 1.500396e+02 8.994650e+01 2.001455e-02 -6.000785e+01 2.253912e-02 -3.850212e-02 -4.303367e-02 -9.983314e-01 -1.629272e-05 -8.753561e-06 -1.880194e-04 4.799400e-02
2 22 1.499623e+02 7.494504e+01 -1.868994e-02 -7.500213e+01 -2.094034e-02 3.893252e-02 -4.240593e-02 9.983416e-01 1.423067e-05 -6.243011e-06 1.146243e-04 8.543953e-02
2 22 1.500396e+02 7.494504e+01 2.002480e-02 -7.500213e+01 -2.091236e-02 -3.850866e-02 -4.240069e-02 9.983583e-01 -1.382974e-05 -1.086742e-05 1.868053e-04 3.858784e-02
1 22 1.499623e+02 5.994313e+01 -1.868044e-02 -8.999580e+01 1.903622e-02 3.893923e-02 -4.184509e-02 -9.983650e-01 1.141876e-05 -7.707193e-06 -1.124917e-04 6.748658e-02
1 22 1.500396e+02 5.994314e+01 2.003953e-02 -8.999580e+01 1.900792e-02 -3.851229e-02 -4.183943e-02 -9.983819e-01 -1.102900e-05 -1.298527e-05 -1.854342e-04 3.485503e-02
0 22 1.499625e+02 4.494054e+01 -1.855251e-02 -1.049888e+02 -1.713290e-02 3.874986e-02 -4.154550e-02 9.983849e-01 1.097031e-05 -8.648013e-06 1.099091e-04 7.088276e-02
0 22 1.500394e+02 4.494055e+01 1.997425e-02 -1.049888e+02 -1.710371e-02 -3.831507e-02 -4.153949e-02 9.984019e-01 -1.058137e-05 -1.445129e-05 1.848711e-04 4.092283e-02
14 21 1.349622e+02 2.550588e+02 -1.501687e+01 1.049884e+02 1.723279e-02 3.859226e-02 4.153181e-02 -9.983916e-01 1.118817e-05 9.421851e-06 -1.196134e-04 6.583619e-02
14 21 1.350392e+02 2.550588e+02 -1.497830e+01 1.049884e+02 1.720553e-02 -3.855514e-02 4.150881e-02 -9.983940e-01 -9.183386e-06 1.409374e-05 -1.746985e-04 4.130110e-02
13 21 1.349620e+02 2.400563e+02 -1.501690e+01 8.999545e+01 -1.912035e-02 3.872601e-02 4.184464e-02 9.983733e-01 1.219467e-05 8.732791e-06 1.223286e-04 6.721042e-02
13 21 1.350393e+02 2.400563e+02 -1.497818e+01 8.999545e+01 -1.909383e-02 -3.871026e-02 4.182168e-02 9.983749e-01 -1.012520e-05 1.226524e-05 1.751470e-04 3.379929e-02
12 21 1.349620e+02 2.250545e+02 -1.501685e+01 7.500187e+01 2.103947e-02 3.872221e-02 4.242226e-02 -9.983491e-01 1.492560e-05 7.382117e-06 -1.247251e-04 8.204661e-02
12 21 1.350393e+02 2.250545e+02 -1.497814e+01 7.500186e+01 2.101326e-02 -3.872359e-02 4.239941e-02 -9.983500e-01 -1.278529e-05 9.936804e-06 -1.762496e-04 3.632875e-02
11 21 1.349620e+02 2.100531e+02 -1.501682e+01 6.000766e+01 -2.267064e-02 3.872053e-02 4.306975e-02 9.983215e-01 1.725070e-05 5.519008e-06 1.268705e-04 9.658515e-02
11 21 1.350393e+02 2.100530e+02 -1.497810e+01 6.000765e+01 -2.264471e-02 -3.873773e-02 4.304677e-02 9.983218e-01 -1.505303e-05 7.733113e-06 1.771792e-04 4.596349e-02
10 21 1.349620e+02 1.950519e+02 -1.501681e+01 4.501284e+01 2.393229e-02 3.872468e-02 4.375656e-02 -9.982914e-01 1.897965e-05 3.457455e-06 -1.286543e-04 1.094262e-01
10 21 1.350393e+02 1.950518e+02 -1.497807e+01 4.501283e+01 2.390664e-02 -3.875453e-02 4.373340e-02 -9.982913e-01 -1.673802e-05 5.546830e-06 -1.778362e-04 5.651181e-02
9 21 1.349619e+02 1.800509e+02 -1.501680e+01 3.001761e+01 -2.478672e-02 3.873432e-02 4.447700e-02 9.982592e-01 2.002857e-05 1.274975e-06 1.299580e-04 1.198398e-01
9 21 1.350393e+02 1.800509e+02 -1.497806e+01 3.001759e+01 -2.476133e-02 -3.877299e-02 4.445370e-02 9.982588e-01 -1.775097e-05 3.355432e-06 1.782187e-04 6.576885e-02
8 21 1.349619e+02 1.650500e+02 -1.501683e+01 1.502209e+01 2.522683e-02 3.877124e-02 4.523813e-02 -9.982236e-01 2.010932e-05 -7.733487e-07 -1.309641e-04 1.251185e-01
8 21 1.350393e+02 1.650500e+02 -1.497804e+01 1.502208e+01 2.520186e-02 -3.881634e-02 4.521491e-02 -9.982229e-01 -1.782007e-05 9.959125e-07 -1.780855e-04 7.275908e-02
7 21 1.349618e+02 1.499504e+02 -1.501689e+01 -2.644406e-02 -2.540731e-02 3.883192e-02 -4.595401e-02 9.981885e-01 1.942945e-05 3.086435e-06 1.324905e-04 1.277623e-01
7 21 1.350394e+02 1.499504e+02 -1.497804e+01 -2.643106e-02 -2.538345e-02 -3.888804e-02 -4.593087e-02 9.981874e-01 -1.715748e-05 1.140429e-06 1.768709e-04 7.811133e-02
6 21 1.349619e+02 1.349496e+02 -1.501681e+01 -1.502212e+01 2.533851e-02 3.873589e-02 -4.515136e-02 -9.982288e-01 2.068461e-05 1.485007e-06 -1.314869e-04 1.307844e-01
6 21 1.350393e+02 1.349496e+02 -1.497806e+01 -1.502211e+01 2.531377e-02 -3.878583e-02 -4.512760e-02 -9.982280e-01 -1.839930e-05 -1.668597e-06 -1.778410e-04 7.367121e-02
5 21 1.349620e+02 1.199487e+02 -1.501679e+01 -3.001768e+01 -2.487528e-02 3.870261e-02 -4.440840e-02 9.982635e-01 2.056644e-05 -6.304373e-07 1.305020e-04 1.246643e-01
5 21 1.350393e+02 1.199487e+02 -1.497807e+01 -3.001767e+01 -2.485015e-02 -3.874594e-02 -4.438465e-02 9.982629e-01 -1.829504e-05 -3.941370e-06 1.779478e-04 6.754158e-02
4 21 1.349620e+02 1.049477e+02 -1.501680e+01 -4.501299e+01 2.400369e-02 3.869519e-02 -4.370474e-02 -9.982948e-01 1.948076e-05 -2.760715e-06 -1.291677e-04 1.136496e-01
4 21 1.350393e+02 1.049477e+02 -1.497809e+01 -4.501298e+01 2.397830e-02 -3.872922e-02 -4.368112e-02 -9.982945e-01 -1.724071e-05 -6.120342e-06 -1.775771e-04 5.879048e-02
3 21 1.349620e+02 8.994652e+01 -1.501682e+01 -6.000785e+01 -2.273143e-02 3.869842e-02 -4.303289e-02 9.983239e-01 1.766087e-05 -4.856436e-06 1.273629e-04 9.942931e-02
3 21 1.350393e+02 8.994654e+01 -1.497812e+01 -6.000784e+01 -2.270575e-02 -3.871956e-02 -4.300947e-02 9.983241e-01 -1.546554e-05 -8.238234e-06 1.769264e-04 4.852965e-02
2 21 1.349620e+02 7.494503e+01 -1.501686e+01 -7.500215e+01 2.110296e-02 3.871512e-02 -4.240130e-02 -9.983503e-01 1.516132e-05 -6.720072e-06 -1.251913e-04 8.256587e-02
2 21 1.350393e+02 7.494506e+01 -1.497815e+01 -7.500214e+01 2.107698e-02 -3.872037e-02 -4.237803e-02 -9.983510e-01 -1.302544e-05 -1.035116e-05 -1.760086e-04 3.863771e-02
1 21 1.349620e+02 5.994315e+01 -1.501690e+01 -8.999580e+01 -1.919511e-02 3.872909e-02 -4.184094e-02 9.983734e-01 1.232810e-05 -8.150519e-06 1.227045e-04 6.595048e-02
1 21 1.350393e+02 5.994317e+01 -1.497818e+01 -8.999580e+01 -1.916875e-02 -3.871674e-02 -4.181763e-02 9.983748e-01 -1.025972e-05 -1.251966e-05 1.750032e-04 3.549663e-02
0 21 1.349623e+02 4.494053e+01 -1.501684e+01 -1.049889e+02 1.729056e-02 3.854926e-02 -4.154489e-02 -9.983927e-01 1.184581e-05 -9.097404e-06 -1.196340e-04 6.905749e-02
0 21 1.350392e+02 4.494056e+01 -1.497832e+01 -1.049889e+02 1.726319e-02 -3.851188e-02 -4.152184e-02 -9.983951e-01 -9.838870e-06 -1.395842e-05 -1.749400e-04 4.186564e-02
14 20 1.199619e+02 2.550588e+02 -3.001506e+01 1.049885e+02 -1.768430e-02 3.837928e-02 4.151492e-02 9.984005e-01 1.213241e-05 9.828709e-06 1.295656e-04 6.454685e-02
14 20 1.200389e+02 2.550588e+02 -2.997650e+01 1.049884e+02 -1.765897e-02 -3.875406e-02 4.147420e-02 9.983877e-01 -8.462053e-06 1.358816e-05 1.641686e-04 4.292827e-02
13 20 1.199618e+02 2.400563e+02 -3.001501e+01 8.999549e+01 1.957916e-02 3.850263e-02 4.182028e-02 -9.983830e-01 1.316747e-05 9.185273e-06 -1.327431e-04 6.606849e-02
13 20 1.200390e+02 2.400562e+02 -2.997631e+01 8.999547e+01 1.955468e-02 -3.891574e-02 4.177907e-02 -9.983687e-01 -9.376610e-06 1.173540e-05 -1.641231e-04 3.459242e-02
12 20 1.199617e+02 2.250545e+02 -3.001491e+01 7.500192e+01 -2.150784e-02 3.849158e-02 4.239602e-02 9.983591e-01 1.591592e-05 7.837186e-06 1.354783e-04 7.989880e-02
12 20 1.200390e+02 2.250544e+02 -2.997621e+01 7.500191e+01 -2.148374e-02 -3.893658e-02 4.235452e-02 9.983436e-01 -1.199660e-05 9.402641e-06 1.648656e-04 3.660667e-02
11 20 1.199617e+02 2.100530e+02 -3.001484e+01 6.000768e+01 2.314519e-02 3.848398e-02 4.304031e-02 -9.983318e-01 1.825686e-05 6.033763e-06 -1.379274e-04 9.325396e-02
11 20 1.200390e+02 2.100530e+02 -2.997613e+01 6.000766e+01 2.312145e-02 -3.895681e-02 4.299837e-02 -9.983153e-01 -1.423132e-05 7.165473e-06 -1.654688e-04 4.678299e-02
10 20 1.199617e+02 1.950519e+02 -3.001480e+01 4.501287e+01 -2.441248e-02 3.848372e-02 4.372483e-02 9.983021e-01 1.999965e-05 3.952307e-06 1.399124e-04 1.049651e-01
10 20 1.200390e+02 1.950518e+02 -2.997607e+01 4.501285e+01 -2.438906e-02 -3.897795e-02 4.368245e-02 9.982848e-01 -1.588948e-05 4.992513e-06 1.659042e-04 5.813658e-02
9 20 1.199616e+02 1.800508e+02 -3.001478e+01 3.001760e+01 2.526881e-02 3.849045e-02 4.444200e-02 -9.982702e-01 2.105636e-05 1.839402e-06 -1.413299e-04 1.142769e-01
9 20 1.200390e+02 1.800508e+02 -2.997604e+01 3.001758e+01 2.524566e-02 -3.899896e-02 4.439934e-02 -9.982524e-01 -1.689035e-05 2.765695e-06 -1.661586e-04 6.828191e-02
8 20 1.199616e+02 1.650500e+02 -3.001478e+01 1.502211e+01 -2.569878e-02 3.850638e-02 4.520146e-02 9.982355e-01 2.135912e-05 -3.478850e-07 1.421808e-04 1.209325e-01
8 20 1.200390e+02 1.650499e+02 -2.997602e+01 1.502209e+01 -2.567587e-02 -3.902198e-02 4.515866e-02 9.982174e-01 -1.716466e-05 5.317987e-07 1.661727e-04 7.655576e-02
7 20 1.199615e+02 1.499504e+02 -3.001484e+01 -2.645697e-02 2.587501e-02 3.856120e-02 -4.591513e-02 -9.982008e-01 2.074273e-05 2.676642e-06 -1.436393e-04 1.235957e-01
7 20 1.200390e+02 1.499504e+02 -2.997602e+01 -2.643553e-02 2.585315e-02 -3.908781e-02 -4.587234e-02 -9.981823e-01 -1.655998e-05 1.574300e-06 -1.650250e-04 8.246926e-02
6 20 1.199616e+02 1.349496e+02 -3.001476e+01 -1.502211e+01 -2.581252e-02 3.847429e-02 -4.511505e-02 9.982406e-01 2.190075e-05 9.709956e-07 1.428003e-04 1.255492e-01
6 20 1.200390e+02 1.349497e+02 -2.997603e+01 -1.502209e+01 -2.578992e-02 -3.899634e-02 -4.507179e-02 9.982224e-01 -1.770649e-05 -1.138702e-06 1.658362e-04 7.756587e-02
5 20 1.199617e+02 1.199487e+02 -3.001476e+01 -3.001770e+01 2.535937e-02 3.845837e-02 -4.437381e-02 -9.982744e-01 2.159091e-05 -1.141451e-06 -1.419101e-04 1.187465e-01
5 20 1.200390e+02 1.199488e+02 -2.997606e+01 -3.001768e+01 2.533651e-02 -3.897243e-02 -4.433069e-02 -9.982564e-01 -1.742535e-05 -3.383270e-06 -1.658497e-04 7.001196e-02
4 20 1.199617e+02 1.049477e+02 -3.001479e+01 -4.501300e+01 -2.448361e-02 3.845377e-02 -4.367250e-02 9.983056e-01 2.050379e-05 -3.301079e-06 1.404625e-04 1.087588e-01
4 20 1.200390e+02 1.049478e+02 -2.997609e+01 -4.501298e+01 -2.446047e-02 -3.895293e-02 -4.362971e-02 9.982881e-01 -1.639601e-05 -5.542576e-06 1.656123e-04 6.060216e-02
3 20 1.199617e+02 8.994653e+01 -3.001484e+01 -6.000789e+01 2.320725e-02 3.846160e-02 -4.300388e-02 -9.983343e-01 1.866376e-05 -5.321177e-06 -1.384379e-04 9.584330e-02
3 20 1.200390e+02 8.994657e+01 -2.997614e+01 -6.000787e+01 2.318376e-02 -3.893883e-02 -4.296149e-02 -9.983176e-01 -1.464209e-05 -7.698089e-06 -1.651948e-04 4.952832e-02
2 20 1.199617e+02 7.494508e+01 -3.001492e+01 -7.500217e+01 -2.157131e-02 3.848419e-02 -4.237382e-02 9.983604e-01 1.615264e-05 -7.197937e-06 1.359664e-04 8.044126e-02
2 20 1.200390e+02 7.494512e+01 -2.997622e+01 -7.500216e+01 -2.154746e-02 -3.893349e-02 -4.233192e-02 9.983447e-01 -1.223662e-05 -9.815336e-06 1.646010e-04 3.911520e-02
1 20 1.199617e+02 5.994318e+01 -3.001502e+01 -8.999586e+01 1.965441e-02 3.850560e-02 -4.181766e-02 -9.983830e-01 1.330305e-05 -8.569814e-06 -1.331432e-04 6.493335e-02
1 20 1.200390e+02 5.994322e+01 -2.997631e+01 -8.999584e+01 1.963010e-02 -3.892256e-02 -4.177610e-02 -9.983686e-01 -9.508411e-06 -1.200699e-05 -1.639549e-04 3.650382e-02
0 20 1.199620e+02 4.494058e+01 -3.001503e+01 -1.049889e+02 -1.774192e-02 3.833624e-02 -4.152665e-02 9.984016e-01 1.278679e-05 -9.499869e-06 1.295909e-04 6.765650e-02
0 20 1.200389e+02 4.494062e+01 -2.997651e+01 -1.049889e+02 -1.771649e-02 -3.871107e-02 -4.148592e-02 9.983889e-01 -9.112975e-06 -1.348108e-05 1.643991e-04 4.351227e-02
14 19 1.049617e+02 2.550587e+02 -4.501305e+01 1.049885e+02 1.844840e-02 3.814587e-02 4.148145e-02 -9.984108e-01 1.316624e-05 1.027468e-05 -1.401693e-04 6.372371e-02
14 19 1.050386e+02 2.550587e+02 -4.497450e+01 1.049885e+02 1.842527e-02 -3.896136e-02 4.142188e-02 -9.983818e-01 -7.752746e-06 1.301117e-05 -1.526042e-04 4.509636e-02
13 19 1.049615e+02 2.400562e+02 -4.501292e+01 8.999558e+01 -2.035749e-02 3.825799e-02 4.177765e-02 9.983942e-01 1.423182e-05 9.602494e-06 1.437968e-04 6.516700e-02
13 19 1.050387e+02 2.400562e+02 -4.497424e+01 8.999555e+01 -2.033532e-02 -3.912841e-02 4.171706e-02 9.983630e-01 -8.644224e-06 1.117131e-05 1.520692e-04 3.607499e-02
12 19 1.049614e+02 2.250544e+02 -4.501277e+01 7.500198e+01 2.230137e-02 3.823948e-02 4.234796e-02 -9.983709e-01 1.698943e-05 8.360445e-06 -1.468755e-04 7.823007e-02
12 19 1.050387e+02 2.250543e+02 -4.497408e+01 7.500195e+01 2.227964e-02 -3.915707e-02 4.228673e-02 -9.983379e-01 -1.121499e-05 8.769931e-06 -1.524284e-04 3.736759e-02
11 19 1.049614e+02 2.100530e+02 -4.501265e+01 6.000774e+01 -2.395055e-02 3.822540e-02 4.298850e-02 9.983440e-01 1.934169e-05 6.511338e-06 1.496305e-04 9.044185e-02
11 19 1.050387e+02 2.100529e+02 -4.497395e+01 6.000771e+01 -2.392926e-02 -3.918339e-02 4.292647e-02 9.983096e-01 -1.341041e-05 6.574996e-06 1.526896e-04 4.836676e-02
10 19 1.049614e+02 1.950518e+02 -4.501257e+01 4.501289e+01 2.522472e-02 3.822016e-02 4.366785e-02 -9.983147e-01 2.109687e-05 4.522198e-06 -1.518311e-04 1.010784e-01
10 19 1.050387e+02 1.950517e+02 -4.497387e+01 4.501286e+01 2.520381e-02 -3.920897e-02 4.360517e-02 -9.982792e-01 -1.504172e-05 4.350963e-06 -1.528796e-04 6.081296e-02
9 19 1.049613e+02 1.800508e+02 -4.501253e+01 3.001764e+01 -2.608680e-02 3.822386e-02 4.438062e-02 9.982831e-01 2.215420e-05 2.377166e-06 1.533551e-04 1.095244e-01
9 19 1.050387e+02 1.800507e+02 -4.497381e+01 3.001760e+01 -2.606616e-02 -3.923280e-02 4.431747e-02 9.982468e-01 -1.601754e-05 2.157465e-06 1.529999e-04 7.184052e-02
8 19 1.049613e+02 1.650499e+02 -4.501252e+01 1.502210e+01 2.651438e-02 3.823428e-02 4.513559e-02 -9.982489e-01 2.250875e-05 2.499190e-07 -1.541810e-04 1.157053e-01
8 19 1.050387e+02 1.650499e+02 -4.497378e+01 1.502207e+01 2.649393e-02 -3.925224e-02 4.507223e-02 -9.982123e-01 -1.633255e-05 -8.774171e-08 -1.530254e-04 8.125908e-02
7 19 1.049612e+02 1.499504e+02 -4.501257e+01 -2.643280e-02 -2.668066e-02 3.827428e-02 -4.584702e-02 9.982150e-01 2.206071e-05 2.130275e-06 1.554978e-04 1.191074e-01
7 19 1.050387e+02 1.499505e+02 -4.497378e+01 -2.640255e-02 -2.666112e-02 -3.930269e-02 -4.578356e-02 9.981779e-01 -1.588848e-05 2.124188e-06 1.520236e-04 8.830716e-02
6 19 1.049613e+02 1.349497e+02 -4.501250e+01 -1.502213e+01 2.663096e-02 3.820103e-02 -4.504964e-02 -9.982541e-01 2.305502e-05 4.420247e-07 -1.548489e-04 1.201022e-01
6 19 1.050386e+02 1.349497e+02 -4.497380e+01 -1.502210e+01 2.661086e-02 -3.922675e-02 -4.498579e-02 -9.982172e-01 -1.687250e-05 -5.599400e-07 -1.526391e-04 8.216769e-02
5 19 1.049613e+02 1.199488e+02 -4.501252e+01 -3.001770e+01 -2.617756e-02 3.819139e-02 -4.431249e-02 9.982874e-01 2.269471e-05 -1.730867e-06 1.539855e-04 1.135157e-01
5 19 1.050386e+02 1.199489e+02 -4.497383e+01 -3.001767e+01 -2.615726e-02 -3.920696e-02 -4.424892e-02 9.982509e-01 -1.655379e-05 -2.745558e-06 1.526448e-04 7.375667e-02
4 19 1.049614e+02 1.049478e+02 -4.501257e+01 -4.501305e+01 2.529774e-02 3.819005e-02 -4.361607e-02 -9.983181e-01 2.159696e-05 -3.805058e-06 -1.524085e-04 1.045801e-01
4 19 1.050386e+02 1.049478e+02 -4.497388e+01 -4.501302e+01 2.527713e-02 -3.918452e-02 -4.355296e-02 -9.982824e-01 -1.554156e-05 -4.939744e-06 -1.525551e-04 6.336143e-02
3 19 1.049614e+02 8.994660e+01 -4.501265e+01 -6.000792e+01 -2.401224e-02 3.820260e-02 -4.295133e-02 9.983465e-01 1.975302e-05 -5.866997e-06 1.501667e-04 9.282800e-02
3 19 1.050386e+02 8.994666e+01 -4.497397e+01 -6.000789e+01 -2.399123e-02 -3.916562e-02 -4.288892e-02 9.983119e-01 -1.382208e-05 -7.059519e-06 1.523893e-04 5.133744e-02
2 19 1.049614e+02 7.494512e+01 -4.501277e+01 -7.500225e+01 2.236521e-02 3.823157e-02 -4.232647e-02 -9.983721e-01 1.722842e-05 -7.636383e-06 -1.473794e-04 7.869739e-02
2 19 1.050387e+02 7.494519e+01 -4.497408e+01 -7.500223e+01 2.234374e-02 -3.915391e-02 -4.226480e-02 -9.983389e-01 -1.145446e-05 -9.237194e-06 -1.521437e-04 4.026615e-02
1 19 1.049615e+02 5.994326e+01 -4.501293e+01 -8.999593e+01 -2.043223e-02 3.826032e-02 -4.177346e-02 9.983943e-01 1.437046e-05 -9.071741e-06 1.442096e-04 6.445327e-02
1 19 1.050387e+02 5.994332e+01 -4.497424e+01 -8.999590e+01 -2.041025e-02 -3.913511e-02 -4.171259e-02 9.983629e-01 -8.776039e-06 -1.137686e-05 1.518858e-04 3.777870e-02
0 19 1.049617e+02 4.494064e+01 -4.501302e+01 -1.049891e+02 1.850734e-02 3.810356e-02 -4.149426e-02 -9.984119e-01 1.381176e-05 -9.884664e-06 -1.402121e-04 6.649188e-02
0 19 1.050386e+02 4.494070e+01 -4.497452e+01 -1.049890e+02 1.848412e-02 -3.891956e-02 -4.143468e-02 -9.983829e-01 -8.392026e-06 -1.294375e-05 -1.528169e-04 4.579617e-02
0 15 4.496145e+01 4.494203e+01 -1.050010e+02 -1.049907e+02 3.154197e-02 3.345143e-02 -4.030487e-02 -9.986273e-01 5.808909e-07 -1.013119e-05 -1.474559e-04 4.089071e-02
0 15 4.503798e+01 4.494219e+01 -1.049627e+02 -1.049906e+02 3.136219e-02 -4.320071e-02 -4.016035e-02 -9.982589e-01 1.079731e-05 -1.088491e-05 -1.259114e-04 1.372779e-01
14 18 8.996137e+01 2.550586e+02 -6.001074e+01 1.049887e+02 -1.955728e-02 3.788453e-02 4.143562e-02 9.984227e-01 1.431287e-05 1.066172e-05 1.518699e-04 6.279875e-02
14 18 9.003831e+01 2.550586e+02 -5.997221e+01 1.049887e+02 -1.953679e-02 -3.918308e-02 4.135546e-02 9.983759e-01 -7.037254e-06 1.242222e-05 1.395549e-04 4.863047e-02
1 15 4.496123e+01 5.994465e+01 -1.050006e+02 -8.999711e+01 -3.364839e-02 3.346213e-02 -4.044510e-02 9.986213e-01 4.224707e-07 -9.657358e-06 1.509217e-04 3.861153e-02
1 15 4.503807e+01 5.994480e+01 -1.049621e+02 -8.999702e+01 -3.346486e-02 -4.350625e-02 -4.029880e-02 9.982401e-01 1.117397e-05 -8.852769e-06 1.245828e-04 1.370693e-01
2 15 4.496117e+01 7.494646e+01 -1.050001e+02 -7.500306e+01 3.574845e-02 3.334421e-02 -4.095096e-02 -9.986046e-01 2.578899e-06 -7.628294e-06 -1.547730e-04 1.864159e-02
2 15 4.503801e+01 7.494661e+01 -1.049616e+02 -7.500298e+01 3.556298e-02 -4.362367e-02 -4.080245e-02 -9.982145e-01 9.318923e-06 -7.420645e-06 -1.234435e-04 1.209726e-01
13 18 8.996117e+01 2.400561e+02 -6.001054e+01 8.999568e+01 2.148637e-02 3.798412e-02 4.171498e-02 -9.984072e-01 1.541205e-05 1.012805e-05 -1.559027e-04 6.468331e-02
13 18 9.003838e+01 2.400560e+02 -5.997187e+01 8.999564e+01 2.146694e-02 -3.935365e-02 4.163343e-02 -9.983577e-01 -7.910126e-06 1.046909e-05 -1.385582e-04 3.798893e-02
12 18 8.996112e+01 2.250543e+02 -6.001031e+01 7.500208e+01 -2.345342e-02 3.795801e-02 4.228071e-02 9.983845e-01 1.817060e-05 8.813244e-06 1.593615e-04 7.663445e-02
12 18 9.003834e+01 2.250542e+02 -5.997164e+01 7.500204e+01 -2.343452e-02 -3.939064e-02 4.219810e-02 9.983324e-01 -1.042920e-05 8.138313e-06 1.384894e-04 3.925898e-02
3 15 4.496112e+01 8.994787e+01 -1.049997e+02 -6.000843e+01 -3.750891e-02 3.324404e-02 -4.152594e-02 9.985842e-01 4.625026e-06 -6.335122e-06 1.582473e-04 4.340883e-03
3 15 4.503794e+01 8.994802e+01 -1.049612e+02 -6.000835e+01 -3.732238e-02 -4.370407e-02 -4.137601e-02 9.981874e-01 7.557983e-06 -4.924118e-06 1.223881e-04 1.057427e-01
4 15 4.496107e+01 1.049490e+02 -1.049994e+02 -4.501327e+01 3.886594e-02 3.317937e-02 -4.214376e-02 -9.985605e-01 6.140270e-06 -4.024706e-06 -1.610496e-04 1.787312e-02
4 15 4.503789e+01 1.049492e+02 -1.049609e+02 -4.501320e+01 3.867875e-02 -4.376936e-02 -4.199206e-02 -9.981588e-01 6.274818e-06 -3.278629e-06 -1.215104e-04 9.684238e-02
11 18 8.996107e+01 2.100529e+02 -6.001014e+01 6.000779e+01 2.511829e-02 3.793619e-02 4.291423e-02 -9.983582e-01 2.053732e-05 7.108404e-06 -1.624333e-04 8.793279e-02
11 18 9.003830e+01 2.100528e+02 -5.997147e+01 6.000775e+01 2.509992e-02 -3.942269e-02 4.283059e-02 -9.983042e-01 -1.259012e-05 5.844074e-06 -1.383830e-04 5.126637e-02
10 18 8.996103e+01 1.950517e+02 -6.001003e+01 4.501295e+01 -2.640509e-02 3.792541e-02 4.358748e-02 9.983295e-01 2.229612e-05 5.080730e-06 1.648536e-04 9.758459e-02
10 18 9.003828e+01 1.950516e+02 -5.997134e+01 4.501291e+01 -2.638714e-02 -3.945289e-02 4.350291e-02 9.982740e-01 -1.418659e-05 3.665256e-06 1.383099e-04 6.507253e-02
5 15 4.496103e+01 1.199500e+02 -1.049992e+02 -3.001771e+01 -3.978273e-02 3.314666e-02 -4.279775e-02 9.985337e-01 7.024826e-06 -2.507040e-06 1.629330e-04 2.917914e-02
5 15 4.503787e+01 1.199501e+02 -1.049608e+02 -3.001764e+01 -3.959513e-02 -4.382081e-02 -4.264523e-02 9.981288e-01 5.563489e-06 -7.618765e-07 1.209380e-04 9.720049e-02
6 15 4.496100e+01 1.349508e+02 -1.049992e+02 -1.502191e+01 4.023898e-02 3.314018e-02 -4.349813e-02 -9.985037e-01 7.255714e-06 -9.224262e-08 -1.638184e-04 4.438490e-02
6 15 4.503787e+01 1.349510e+02 -1.049607e+02 -1.502184e+01 4.005111e-02 -4.385300e-02 -4.334471e-02 -9.980972e-01 5.408122e-06 9.330828e-07 -1.206889e-04 1.026858e-01
9 18 8.996100e+01 1.800507e+02 -6.000996e+01 3.001764e+01 2.727323e-02 3.792557e-02 4.429323e-02 -9.982984e-01 2.336292e-05 3.023008e-06 -1.664994e-04 1.051319e-01
9 18 9.003827e+01 1.800506e+02 -5.997126e+01 3.001760e+01 2.725558e-02 -3.947968e-02 4.420804e-02 -9.982420e-01 -1.514292e-05 1.443614e-06 -1.382780e-04 7.747359e-02
8 18 8.996097e+01 1.650499e+02 -6.000994e+01 1.502211e+01 -2.770488e-02 3.793455e-02 4.504141e-02 9.982646e-01 2.371036e-05 8.645252e-07 1.673245e-04 1.106833e-01
8 18 9.003827e+01 1.650498e+02 -5.997123e+01 1.502207e+01 -2.768738e-02 -3.950021e-02 4.495589e-02 9.982077e-01 -1.543796e-05 -7.616811e-07 1.382771e-04 8.782093e-02
7 15 4.496099e+01 1.499516e+02 -1.049992e+02 -2.605986e-02 -4.022109e-02 3.315543e-02 -4.426623e-02 9.984694e-01 6.874724e-06 1.531522e-06 1.636178e-04 5.440259e-02
7 15 4.503788e+01 1.499517e+02 -1.049607e+02 -2.598831e-02 -4.003310e-02 -4.386337e-02 -4.411297e-02 9.980631e-01 5.780410e-06 3.469006e-06 1.208454e-04 1.176129e-01
7 18 8.996093e+01 1.499505e+02 -6.000996e+01 -2.642794e-02 2.785728e-02 3.795206e-02 -4.574948e-02 -9.982318e-01 2.351683e-05 1.647701e-06 -1.684123e-04 1.154785e-01
7 18 9.003827e+01 1.499506e+02 -5.997123e+01 -2.638818e-02 2.784048e-02 -3.952697e-02 -4.566370e-02 -9.981745e-01 -1.524138e-05 2.640117e-06 -1.375082e-04 9.624014e-02
8 15 4.496097e+01 1.650488e+02 -1.049992e+02 1.502194e+01 4.008992e-02 3.317936e-02 4.359088e-02 -9.984984e-01 6.629742e-06 8.694562e-07 -1.634127e-04 3.900332e-02
8 15 4.503791e+01 1.650486e+02 -1.049607e+02 1.502187e+01 3.990196e-02 -4.387777e-02 4.343805e-02 -9.980921e-01 5.993581e-06 -1.742090e-06 -1.207810e-04 1.103924e-01
6 18 8.996099e+01 1.349497e+02 -6.000992e+01 -1.502211e+01 -2.782247e-02 3.790094e-02 -4.495659e-02 9.982697e-01 2.426262e-05 -2.281348e-07 1.680521e-04 1.145698e-01
6 18 9.003823e+01 1.349498e+02 -5.997124e+01 -1.502207e+01 -2.780535e-02 -3.947581e-02 -4.487062e-02 9.982126e-01 -1.597859e-05 1.433174e-07 1.378404e-04 8.890386e-02
9 15 4.496100e+01 1.800496e+02 -1.049993e+02 3.001767e+01 -3.966693e-02 3.318388e-02 4.287255e-02 9.985293e-01 6.426425e-06 2.488398e-06 1.626299e-04 2.830906e-02
9 15 4.503790e+01 1.800495e+02 -1.049608e+02 3.001760e+01 -3.947924e-02 -4.384557e-02 4.272006e-02 9.981245e-01 6.119806e-06 7.816315e-07 1.209527e-04 1.014959e-01
5 18 8.996101e+01 1.199489e+02 -6.000994e+01 -3.001774e+01 2.736727e-02 3.789302e-02 -4.422565e-02 -9.983026e-01 2.389766e-05 -2.313596e-06 -1.671650e-04 1.088271e-01
5 18 9.003823e+01 1.199489e+02 -5.997128e+01 -3.001770e+01 2.734997e-02 -3.945486e-02 -4.414003e-02 -9.982460e-01 -1.566716e-05 -2.072887e-06 -1.378853e-04 7.935439e-02
10 15 4.496104e+01 1.950506e+02 -1.049994e+02 4.501316e+01 3.877549e-02 3.321315e-02 4.220078e-02 -9.985570e-01 5.596259e-06 4.873491e-06 -1.608063e-04 1.203351e-02
10 15 4.503792e+01 1.950504e+02 -1.049609e+02 4.501309e+01 3.858826e-02 -4.379373e-02 4.204964e-02 -9.981553e-01 6.791384e-06 2.497044e-06 -1.214949e-04 1.022934e-01
4 18 8.996105e+01 1.049479e+02 -6.001002e+01 -4.501307e+01 -2.647883e-02 3.789511e-02 -4.353504e-02 9.983329e-01 2.280086e-05 -4.417218e-06 1.654627e-04 1.007433e-01
4 18 9.003824e+01 1.049480e+02 -5.997136e+01 -4.501303e+01 -2.646121e-02 -3.942909e-02 -4.345008e-02 9.982772e-01 -1.468433e-05 -4.226565e-06 1.379591e-04 6.788205e-02
11 15 4.496109e+01 2.100517e+02 -1.049997e+02 6.000827e+01 -3.743580e-02 3.327248e-02 4.156750e-02 9.985815e-01 4.150492e-06 6.326305e-06 1.580889e-04 7.232114e-03
11 15 4.503796e+01 2.100516e+02 -1.049612e+02 6.000819e+01 -3.724924e-02 -4.372420e-02 4.141754e-02 9.981847e-01 7.999141e-06 5.050987e-06 1.223137e-04 1.094221e-01
3 18 8.996108e+01 8.994667e+01 -6.001014e+01 -6.000800e+01 2.518192e-02 3.791314e-02 -4.287729e-02 -9.983607e-01 2.094948e-05 -6.374478e-06 -1.629842e-04 9.014109e-02
3 18 9.003827e+01 8.994675e+01 -5.997148e+01 -6.000796e+01 2.516385e-02 -3.940520e-02 -4.279323e-02 -9.983066e-01 -1.299706e-05 -6.405963e-06 -1.380672e-04 5.451100e-02
12 15 4.496115e+01 2.250531e+02 -1.050001e+02 7.500283e+01 3.568202e-02 3.336260e-02 4.097569e-02 -9.986030e-01 2.217094e-06 8.561522e-06 -1.546342e-04 2.382504e-02
12 15 4.503802e+01 2.250530e+02 -1.049616e+02 7.500275e+01 3.549661e-02 -4.363630e-02 4.082778e-02 -9.982129e-01 9.653354e-06 6.679711e-06 -1.233658e-04 1.229559e-01
2 18 8.996112e+01 7.494523e+01 -6.001031e+01 -7.500233e+01 -2.351698e-02 3.794891e-02 -4.225789e-02 9.983858e-01 1.842157e-05 -8.216578e-06 1.598700e-04 7.729716e-02
2 18 9.003832e+01 7.494532e+01 -5.997165e+01 -7.500229e+01 -2.349835e-02 -3.938673e-02 -4.217494e-02 9.983336e-01 -1.067540e-05 -8.511330e-06 1.381995e-04 4.222526e-02
13 15 4.496122e+01 2.400549e+02 -1.050006e+02 8.999679e+01 -3.357662e-02 3.347145e-02 4.045242e-02 9.986207e-01 1.400575e-07 9.526676e-06 1.507929e-04 3.964954e-02
13 15 4.503808e+01 2.400547e+02 -1.049621e+02 8.999670e+01 -3.339310e-02 -4.351098e-02 4.030595e-02 9.982396e-01 1.142214e-05 9.252843e-06 1.244874e-04 1.398467e-01
1 18 8.996116e+01 5.994335e+01 -6.001054e+01 -8.999606e+01 2.156115e-02 3.798518e-02 -4.171190e-02 -9.984074e-01 1.556229e-05 -9.488826e-06 -1.563387e-04 6.396192e-02
1 18 9.003837e+01 5.994343e+01 -5.997187e+01 -8.999601e+01 2.154190e-02 -3.935962e-02 -4.163000e-02 -9.983575e-01 -8.053753e-06 -1.077346e-05 -1.383538e-04 4.053880e-02
14 15 4.496141e+01 2.550574e+02 -1.050011e+02 1.049902e+02 3.148065e-02 3.349357e-02 4.029349e-02 -9.986264e-01 -5.666744e-08 1.099780e-05 -1.473717e-04 4.814776e-02
14 15 4.503802e+01 2.550572e+02 -1.049627e+02 1.049901e+02 3.130079e-02 -4.324032e-02 4.014932e-02 -9.982576e-01 1.140754e-05 1.043033e-05 -1.257569e-04 1.409407e-01
0 18 8.996141e+01 4.494076e+01 -6.001072e+01 -1.049892e+02 -1.961697e-02 3.784280e-02 -4.144694e-02 9.984238e-01 1.495085e-05 -1.038039e-05 1.519274e-04 6.576511e-02
0 18 9.003827e+01 4.494084e+01 -5.997223e+01 -1.049891e+02 -1.959642e-02 -3.914254e-02 -4.136686e-02 9.983770e-01 -7.663778e-06 -1.227204e-05 1.397501e-04 4.867611e-02
0 16 5.996067e+01 4.494115e+01 -9.000478e+01 -1.049896e+02 -2.306801e-02 3.720970e-02 -4.132296e-02 9.984527e-01 1.761546e-05 -1.163520e-05 1.806213e-04 6.412745e-02
0 16 6.003741e+01 4.494128e+01 -8.996635e+01 -1.049895e+02 -2.305514e-02 -3.965442e-02 -4.119501e-02 9.983639e-01 -6.140422e-06 -1.054210e-05 1.071524e-04 5.941107e-02
14 17 7.496103e+01 2.550585e+02 -7.500803e+01 1.049889e+02 2.105580e-02 3.758796e-02 4.137721e-02 -9.984363e-01 1.558856e-05 1.128602e-05 -1.651363e-04 6.242017e-02
14 17 7.503791e+01 2.550584e+02 -7.496953e+01 1.049888e+02 2.103863e-02 -3.942493e-02 4.127442e-02 -9.983697e-01 -6.305424e-06 1.158112e-05 -1.245433e-04 5.255095e-02
1 16 5.996042e+01 5.994373e+01 -9.000440e+01 -8.999637e+01 2.507470e-02 3.732176e-02 -4.153918e-02 -9.984396e-01 1.832046e-05 -1.076882e-05 -1.855878e-04 6.314015e-02
1 16 6.003749e+01 5.994386e+01 -8.996581e+01 -8.999631e+01 2.506318e-02 -3.986887e-02 -4.140880e-02 -9.983465e-01 -6.541955e-06 -9.014228e-06 -1.050469e-04 4.935407e-02
13 17 7.496083e+01 2.400560e+02 -7.500774e+01 8.999584e+01 -2.301378e-02 3.767469e-02 4.163682e-02 9.984223e-01 1.670980e-05 1.064165e-05 1.695264e-04 6.399691e-02
13 17 7.503797e+01 2.400559e+02 -7.496910e+01 8.999579e+01 -2.299774e-02 -3.959772e-02 4.153220e-02 9.983522e-01 -7.156876e-06 9.718372e-06 1.231187e-04 4.142627e-02
2 16 5.996035e+01 7.494558e+01 -9.000401e+01 -7.500256e+01 -2.710544e-02 3.726990e-02 -4.206823e-02 9.984193e-01 2.114677e-05 -9.553798e-06 1.900485e-04 7.397685e-02
2 16 6.003741e+01 7.494571e+01 -8.996542e+01 -7.500250e+01 -2.709486e-02 -3.991539e-02 -4.193622e-02 9.983227e-01 -9.026709e-06 -6.751266e-06 1.038373e-04 5.197279e-02
12 17 7.496076e+01 2.250542e+02 -7.500743e+01 7.500218e+01 2.501165e-02 3.764064e-02 4.219398e-02 -9.984002e-01 1.946351e-05 9.477183e-06 -1.734189e-04 7.511184e-02
12 17 7.503792e+01 2.250541e+02 -7.496880e+01 7.500213e+01 2.499629e-02 -3.964356e-02 4.208807e-02 -9.983271e-01 -9.616096e-06 7.279103e-06 -1.225535e-04 4.218828e-02
3 16 5.996030e+01 8.994699e+01 -9.000371e+01 -6.000816e+01 2.882781e-02 3.721858e-02 -4.266894e-02 -9.983958e-01 2.366889e-05 -7.751335e-06 -1.938863e-04 8.439613e-02
3 16 6.003734e+01 8.994712e+01 -8.996513e+01 -6.000809e+01 2.881800e-02 -3.994841e-02 -4.253528e-02 -9.982960e-01 -1.124681e-05 -4.669269e-06 -1.028542e-04 6.900941e-02
11 17 7.496071e+01 2.100528e+02 -7.500720e+01 6.000788e+01 -2.669981e-02 3.760987e-02 4.282004e-02 9.983746e-01 2.184788e-05 7.676334e-06 1.768291e-04 8.540577e-02
11 17 7.503787e+01 2.100527e+02 -7.496856e+01 6.000783e+01 -2.668507e-02 -3.968093e-02 4.271272e-02 9.982991e-01 -1.174813e-05 5.097000e-06 1.220518e-04 5.625367e-02
4 16 5.996025e+01 1.049482e+02 -9.000349e+01 -4.501316e+01 -3.016617e-02 3.718759e-02 -4.330822e-02 9.983694e-01 2.551864e-05 -5.877956e-06 1.968740e-04 9.289543e-02
4 16 6.003729e+01 1.049483e+02 -8.996490e+01 -4.501310e+01 -3.015694e-02 -3.998327e-02 -4.317323e-02 9.982672e-01 -1.286257e-05 -2.486388e-06 1.021249e-04 8.753164e-02
10 17 7.496066e+01 1.950516e+02 -7.500704e+01 4.501298e+01 2.800226e-02 3.759246e-02 4.348414e-02 -9.983466e-01 2.361585e-05 5.763513e-06 -1.794869e-04 9.412431e-02
10 17 7.503784e+01 1.950515e+02 -7.496839e+01 4.501292e+01 2.798799e-02 -3.971568e-02 4.337571e-02 -9.982691e-01 -1.331495e-05 2.860367e-06 -1.216925e-04 7.214359e-02
5 16 5.996021e+01 1.199491e+02 -9.000335e+01 -3.001776e+01 3.108093e-02 3.717643e-02 -4.398095e-02 -9.983404e-01 2.662363e-05 -3.858420e-06 -1.988688e-04 9.928637e-02
5 16 6.003727e+01 1.199493e+02 -8.996476e+01 -3.001769e+01 3.107205e-02 -4.001614e-02 -4.384497e-02 -9.982366e-01 -1.379649e-05 -3.358712e-07 -1.016772e-04 1.034591e-01
9 17 7.496062e+01 1.800506e+02 -7.500695e+01 3.001767e+01 -2.888202e-02 3.758845e-02 4.418155e-02 9.983161e-01 2.468085e-05 3.690523e-06 1.812583e-04 1.008970e-01
9 17 7.503783e+01 1.800505e+02 -7.496828e+01 3.001762e+01 -2.886805e-02 -3.974570e-02 4.407232e-02 9.982374e-01 -1.424276e-05 6.728603e-07 1.214907e-04 8.623027e-02
6 16 5.996018e+01 1.349500e+02 -9.000329e+01 -1.502206e+01 -3.154781e-02 3.717993e-02 -4.469555e-02 9.983085e-01 2.699796e-05 -1.828172e-06 1.997845e-04 1.037634e-01
6 16 6.003727e+01 1.349501e+02 -8.996468e+01 -1.502200e+01 -3.153905e-02 -4.003993e-02 -4.455901e-02 9.982041e-01 -1.408867e-05 1.843608e-06 1.015512e-04 1.165670e-01
8 17 7.496060e+01 1.650497e+02 -7.500691e+01 1.502208e+01 2.931657e-02 3.759580e-02 4.492155e-02 -9.982828e-01 2.502924e-05 1.613010e-06 -1.820892e-04 1.057098e-01
8 17 7.503783e+01 1.650496e+02 -7.496823e+01 1.502203e+01 2.930273e-02 -3.976759e-02 4.481190e-02 -9.982036e-01 -1.452711e-05 -1.548999e-06 -1.214592e-04 9.817922e-02
7 16 5.996016e+01 1.499507e+02 -9.000331e+01 -2.632372e-02 3.156369e-02 3.720930e-02 -4.547669e-02 -9.982722e-01 2.652033e-05 2.363402e-07 -1.996152e-04 1.060543e-01
7 16 6.003730e+01 1.499509e+02 -8.996468e+01 -2.626258e-02 3.155480e-02 -4.006466e-02 -4.534008e-02 -9.981679e-01 -1.362297e-05 4.064866e-06 -1.017455e-04 1.265840e-01
7 17 7.496058e+01 1.499506e+02 -7.500692e+01 -2.637689e-02 -2.945814e-02 3.759543e-02 -4.562528e-02 9.982509e-01 2.504328e-05 9.992061e-07 1.829360e-04 1.112908e-01
7 17 7.503782e+01 1.499507e+02 -7.496824e+01 -2.632689e-02 -2.944479e-02 -3.977526e-02 -4.551525e-02 9.981714e-01 -1.453156e-05 3.291717e-06 1.209314e-04 1.082264e-01
8 16 5.996017e+01 1.650496e+02 -9.000332e+01 1.502206e+01 -3.142471e-02 3.721515e-02 4.477948e-02 9.983035e-01 2.642958e-05 2.420514e-06 1.990952e-04 1.005119e-01
8 16 6.003732e+01 1.650495e+02 -8.996468e+01 1.502199e+01 -3.141562e-02 -4.006399e-02 4.464337e-02 9.981993e-01 -1.355055e-05 -2.412970e-06 1.019533e-04 1.149716e-01
6 17 7.496061e+01 1.349498e+02 -7.500689e+01 -1.502211e+01 2.943846e-02 3.756185e-02 -4.483731e-02 -9.982879e-01 2.558054e-05 -9.304708e-07 -1.828388e-04 1.093296e-01
6 17 7.503779e+01 1.349499e+02 -7.496824e+01 -1.502206e+01 2.942500e-02 -3.974418e-02 -4.472721e-02 -9.982083e-01 -1.505797e-05 9.088220e-07 -1.209976e-04 9.921367e-02
9 16 5.996019e+01 1.800504e+02 -9.000337e+01 3.001766e+01 3.098292e-02 3.720998e-02 4.404826e-02 -9.983362e-01 2.607970e-05 4.490005e-06 -1.982571e-04 9.624678e-02
9 16 6.003731e+01 1.800503e+02 -8.996475e+01 3.001760e+01 3.097373e-02 -4.004050e-02 4.391265e-02 -9.982327e-01 -1.327917e-05 -2.153090e-07 -1.020186e-04 1.008169e-01
5 17 7.496064e+01 1.199490e+02 -7.500693e+01 -3.001774e+01 -2.897698e-02 3.755576e-02 -4.411435e-02 9.983203e-01 2.521867e-05 -3.036353e-06 1.819356e-04 1.041953e-01
5 17 7.503778e+01 1.199491e+02 -7.496830e+01 -3.001768e+01 -2.896337e-02 -3.972169e-02 -4.400470e-02 9.982414e-01 -1.476649e-05 -1.266481e-06 1.210888e-04 8.843848e-02
10 16 5.996023e+01 1.950514e+02 -9.000350e+01 4.501303e+01 -3.008947e-02 3.721864e-02 4.336061e-02 9.983660e-01 2.501201e-05 6.484263e-06 1.963477e-04 9.024968e-02
10 16 6.003733e+01 1.950513e+02 -8.996490e+01 4.501297e+01 -3.007999e-02 -4.000678e-02 4.322596e-02 9.982640e-01 -1.237142e-05 1.984143e-06 1.023976e-04 8.385245e-02
4 17 7.496068e+01 1.049480e+02 -7.500703e+01 -4.501313e+01 2.807869e-02 3.756218e-02 -4.343226e-02 -9.983500e-01 2.411636e-05 -5.048788e-06 -1.800918e-04 9.703140e-02
4 17 7.503780e+01 1.049481e+02 -7.496841e+01 -4.501308e+01 2.806474e-02 -3.969265e-02 -4.332343e-02 -9.982723e-01 -1.380227e-05 -3.449927e-06 -1.213389e-04 7.515015e-02
11 16 5.996029e+01 2.100526e+02 -9.000372e+01 6.000795e+01 2.876305e-02 3.724387e-02 4.270658e-02 -9.983932e-01 2.323174e-05 8.433153e-06 -1.934366e-04 8.235216e-02
11 16 6.003737e+01 2.100524e+02 -8.996512e+01 6.000789e+01 2.875304e-02 -3.996749e-02 4.257328e-02 -9.982936e-01 -1.083203e-05 4.157870e-06 -1.030732e-04 6.477483e-02
3 17 7.496072e+01 8.994681e+01 -7.500719e+01 -6.000806e+01 -2.676360e-02 3.758610e-02 -4.278211e-02 9.983771e-01 2.226748e-05 -7.048573e-06 1.773669e-04 8.747589e-02
3 17 7.503784e+01 8.994692e+01 -7.496857e+01 -6.000801e+01 -2.674914e-02 -3.966327e-02 -4.267445e-02 9.983014e-01 -1.215744e-05 -5.570038e-06 1.217505e-04 5.989461e-02
12 16 5.996035e+01 2.250540e+02 -9.000402e+01 7.500233e+01 -2.704377e-02 3.728435e-02 4.209153e-02 9.984179e-01 2.083308e-05 1.005984e-05 1.896661e-04 7.289535e-02
12 16 6.003743e+01 2.250539e+02 -8.996542e+01 7.500226e+01 -2.703303e-02 -3.992437e-02 4.195977e-02 9.983213e-01 -8.735995e-06 6.456808e-06 1.040018e-04 4.808497e-02
2 17 7.496076e+01 7.494536e+01 -7.500743e+01 -7.500245e+01 2.507511e-02 3.762943e-02 -4.217162e-02 -9.984015e-01 1.973632e-05 -8.726783e-06 -1.739043e-04 7.578524e-02
2 17 7.503790e+01 7.494546e+01 -7.496880e+01 -7.500240e+01 2.505999e-02 -3.963777e-02 -4.206527e-02 -9.983283e-01 -9.881586e-06 -7.789274e-06 -1.222870e-04 4.615058e-02
13 16 5.996043e+01 2.400557e+02 -9.000441e+01 8.999600e+01 2.500224e-02 3.732638e-02 4.154306e-02 -9.984393e-01 1.810592e-05 1.144011e-05 -1.852617e-04 6.325055e-02
13 16 6.003749e+01 2.400556e+02 -8.996581e+01 8.999593e+01 2.499063e-02 -3.986868e-02 4.141304e-02 -9.983463e-01 -6.342919e-06 8.670995e-06 -1.051486e-04 4.551561e-02
1 17 7.496082e+01 5.994352e+01 -7.500774e+01 -8.999619e+01 -2.308722e-02 3.767366e-02 -4.163222e-02 9.984225e-01 1.688460e-05 -1.008578e-05 1.699415e-04 6.373181e-02
1 17 7.503796e+01 5.994362e+01 -7.496910e+01 -8.999613e+01 -2.307135e-02 -3.960185e-02 -4.152731e-02 9.983522e-01 -7.320446e-06 -9.954682e-06 1.229315e-04 4.387048e-02
14 16 5.996063e+01 2.550583e+02 -9.000481e+01 1.049891e+02 -2.300599e-02 3.725095e-02 4.131224e-02 9.984517e-01 1.699177e-05 1.189171e-05 1.805310e-04 6.150085e-02
14 16 6.003745e+01 2.550581e+02 -8.996634e+01 1.049891e+02 -2.299316e-02 -3.969269e-02 4.118415e-02 9.983628e-01 -5.533084e-06 1.071303e-05 1.069974e-04 5.973291e-02
0 17 7.496107e+01 4.494091e+01 -7.500801e+01 -1.049894e+02 2.111715e-02 3.754677e-02 -4.138954e-02 -9.984373e-01 1.621947e-05 -1.082641e-05 -1.652129e-04 6.478186e-02
0 17 7.503787e+01 4.494101e+01 -7.496955e+01 -1.049893e+02 2.109993e-02 -3.938560e-02 -4.128673e-02 -9.983708e-01 -6.920095e-06 -1.159125e-05 -1.247161e-04 5.371565e-02
