fiber1 fiber2 s1 s2 Cx Cy Cz nx ny nz fcx fcy fcz mu
14 29 2.549685e+02 2.550496e+02 1.049605e+02 1.049772e+02 -1.685417e-03 4.421538e-02 2.479324e-02 -9.987143e-01 -8.364492e-06 -1.044659e-07 -1.880709e-05 5.000000e-01
14 29 2.550367e+02 2.550498e+02 1.049946e+02 1.049773e+02 -1.428814e-03 -2.406545e-02 2.489719e-02 -9.994003e-01 7.216086e-07 1.066841e-05 -1.987886e-04 3.990761e-02
13 29 2.549658e+02 2.400523e+02 1.049570e+02 8.998572e+01 -7.997965e-03 4.676789e-02 3.385887e-02 9.983318e-01 -1.690226e-05 2.069556e-06 3.815734e-05 5.000001e-01
13 29 2.550385e+02 2.400525e+02 1.049935e+02 8.998582e+01 -8.300009e-03 -2.607072e-02 3.397765e-02 9.990825e-01 7.648117e-06 1.065594e-05 1.948100e-04 6.854933e-02
12 29 2.549656e+02 2.250503e+02 1.049564e+02 7.499277e+01 1.009169e-02 4.704841e-02 3.449026e-02 -9.982970e-01 -1.719071e-05 1.017354e-06 -3.884507e-05 5.000000e-01
12 29 2.550387e+02 2.250505e+02 1.049930e+02 7.499287e+01 1.039964e-02 -2.608480e-02 3.460959e-02 -9.990605e-01 7.936845e-06 9.692895e-06 -1.958247e-04 6.828387e-02
11 29 2.549655e+02 2.100486e+02 1.049559e+02 5.999954e+01 -1.180934e-02 4.727202e-02 3.512318e-02 9.982644e-01 -1.746711e-05 1.497938e-06 3.947190e-05 5.000000e-01
11 29 2.550388e+02 2.100488e+02 1.049926e+02 5.999962e+01 -1.212205e-02 -2.610421e-02 3.524425e-02 9.990377e-01 8.198714e-06 6.827342e-06 1.966137e-04 6.786371e-02
10 29 2.549654e+02 1.950469e+02 1.049555e+02 4.500585e+01 1.309833e-02 4.743155e-02 3.574868e-02 -9.982346e-01 -1.761805e-05 2.927396e-07 -3.994643e-05 5.000000e-01
10 29 2.550389e+02 1.950470e+02 1.049923e+02 4.500592e+01 1.341438e-02 -2.611147e-02 3.587019e-02 -9.990153e-01 8.327333e-06 5.616246e-06 -1.972454e-04 6.880091e-02
9 29 2.549654e+02 1.800454e+02 1.049552e+02 3.001201e+01 -1.393780e-02 4.753137e-02 3.638327e-02 9.982069e-01 -1.773102e-05 5.785817e-07 4.017417e-05 5.000000e-01
9 29 2.550389e+02 1.800455e+02 1.049921e+02 3.001207e+01 -1.425595e-02 -2.611212e-02 3.650634e-02 9.989922e-01 8.425476e-06 2.664393e-06 1.977485e-04 7.258329e-02
8 29 2.549654e+02 1.650438e+02 1.049551e+02 1.501789e+01 1.426556e-02 4.753049e-02 3.703091e-02 -9.981831e-01 -1.746402e-05 -7.409948e-07 -3.985558e-05 5.000000e-01
8 29 2.550389e+02 1.650439e+02 1.049919e+02 1.501794e+01 1.458364e-02 -2.606274e-02 3.715379e-02 -9.989696e-01 8.157671e-06 1.374840e-06 -1.983525e-04 7.379438e-02
7 29 2.549653e+02 1.499572e+02 1.049550e+02 -2.372866e-02 -1.445838e-02 4.756992e-02 -3.760260e-02 9.981599e-01 -1.787693e-05 1.755325e-06 4.115950e-05 5.000000e-01
7 29 2.550389e+02 1.499571e+02 1.049919e+02 -2.377890e-02 -1.477785e-02 -2.610525e-02 -3.772598e-02 9.989471e-01 8.546696e-06 3.271224e-07 1.971923e-04 7.999289e-02
6 29 2.549652e+02 1.349557e+02 1.049550e+02 -1.501795e+01 1.456858e-02 4.764397e-02 -3.696064e-02 -9.981803e-01 -1.831397e-05 5.260629e-07 -4.173757e-05 5.000000e-01
6 29 2.550390e+02 1.349555e+02 1.049919e+02 -1.501801e+01 1.488967e-02 -2.617484e-02 -3.708434e-02 -9.989693e-01 8.973139e-06 -1.083697e-06 -1.967008e-04 7.856923e-02
5 29 2.550390e+02 1.199541e+02 1.049920e+02 -3.001206e+01 -1.450028e-02 -2.618562e-02 -3.645002e-02 9.989923e-01 8.922711e-06 -4.124995e-06 1.964175e-04 7.335827e-02
5 29 2.549653e+02 1.199542e+02 1.049551e+02 -3.001200e+01 -1.417998e-02 4.760731e-02 -3.632771e-02 9.982053e-01 -1.826051e-05 8.402894e-07 4.169202e-05 5.000000e-01
4 29 2.549653e+02 1.049525e+02 1.049554e+02 -4.500601e+01 1.333848e-02 4.752192e-02 -3.570696e-02 -9.982318e-01 -1.829634e-05 -5.087155e-07 -4.146277e-05 5.000000e-01
4 29 2.550389e+02 1.049524e+02 1.049922e+02 -4.500608e+01 1.365692e-02 -2.620186e-02 -3.582907e-02 -9.990144e-01 8.974320e-06 -5.304717e-06 -1.959130e-04 7.262428e-02
3 29 2.549654e+02 8.995090e+01 1.049558e+02 -5.999966e+01 -1.203224e-02 4.734803e-02 -3.508103e-02 9.982622e-01 -1.798251e-05 -1.768555e-07 4.077983e-05 5.000000e-01
3 29 2.550388e+02 8.995077e+01 1.049925e+02 -5.999974e+01 -1.234689e-02 -2.617742e-02 -3.520149e-02 9.990373e-01 8.678824e-06 -8.137670e-06 1.955087e-04 7.091021e-02
2 29 2.549655e+02 7.494905e+01 1.049563e+02 -7.499310e+01 1.030861e-02 4.711952e-02 -3.446379e-02 -9.982945e-01 -1.765717e-05 -1.415412e-06 -3.988779e-05 5.000000e-01
2 29 2.550387e+02 7.494891e+01 1.049929e+02 -7.499319e+01 1.061832e-02 -2.615117e-02 -3.458385e-02 -9.990596e-01 8.365377e-06 -9.136844e-06 -1.949950e-04 7.016975e-02
1 29 2.549657e+02 5.994713e+01 1.049570e+02 -8.998608e+01 -8.215345e-03 4.682672e-02 -3.383408e-02 9.983299e-01 -1.722634e-05 -9.093651e-07 3.890933e-05 5.000000e-01
1 29 2.550386e+02 5.994697e+01 1.049934e+02 -8.998618e+01 -8.518621e-03 -2.612268e-02 -3.395233e-02 9.990820e-01 7.930888e-06 -1.174127e-05 1.943092e-04 7.198430e-02
0 29 2.549685e+02 4.494953e+01 1.049604e+02 -1.049779e+02 -1.490898e-03 4.426443e-02 -2.477028e-02 -9.987127e-01 -8.620277e-06 -2.909082e-07 -1.933883e-05 5.000000e-01
0 29 2.550368e+02 4.494938e+01 1.049946e+02 -1.049780e+02 -1.233243e-03 -2.410461e-02 -2.487491e-02 -9.993999e-01 9.426772e-07 -9.908937e-06 -1.984500e-04 3.819663e-02
14 28 2.400405e+02 2.550507e+02 8.999913e+01 1.049738e+02 1.844385e-02 -3.471155e-02 2.629026e-02 9.990515e-01 -9.993890e-06 1.127273e-05 2.408476e-04 2.152154e-02
13 28 2.399651e+02 2.400535e+02 8.995972e+01 8.998282e+01 -8.658767e-03 4.043403e-02 3.601402e-02 -9.985330e-01 8.551966e-07 1.029768e-06 -2.353412e-06 5.000000e-01
13 28 2.400416e+02 2.400536e+02 8.999801e+01 8.998289e+01 -8.701738e-03 -3.613717e-02 3.613366e-02 -9.986934e-01 -1.237031e-05 1.298512e-05 -2.572083e-04 1.854728e-02
12 28 2.399648e+02 2.250516e+02 8.995910e+01 7.499058e+01 6.601341e-03 4.068724e-02 3.667041e-02 9.984988e-01 5.206917e-07 8.624781e-07 3.290354e-06 2.502099e-01
12 28 2.400418e+02 2.250517e+02 8.999760e+01 7.499065e+01 6.643106e-03 -3.634397e-02 3.679185e-02 9.986618e-01 -1.211153e-05 1.117587e-05 2.585755e-04 1.220150e-02
11 28 2.399645e+02 2.100499e+02 8.995848e+01 5.999787e+01 -4.801985e-03 4.101866e-02 3.731650e-02 -9.984613e-01 -1.085074e-06 -3.173581e-07 -4.975636e-06 2.814491e-01
11 28 2.400420e+02 2.100500e+02 8.999731e+01 5.999793e+01 -4.841798e-03 -3.664744e-02 3.743958e-02 -9.986266e-01 -1.061608e-05 1.002182e-05 -2.587473e-04 4.493425e-03
10 28 2.399642e+02 1.950482e+02 8.995802e+01 4.500476e+01 3.420498e-03 4.126556e-02 3.795760e-02 9.984270e-01 -2.287120e-06 -1.226987e-06 6.239890e-06 4.814757e-01
10 28 2.400423e+02 1.950483e+02 8.999708e+01 4.500482e+01 3.458872e-03 -3.687409e-02 3.808221e-02 9.985940e-01 -9.505871e-06 8.374363e-06 2.589254e-04 5.785658e-03
9 28 2.399642e+02 1.800466e+02 8.995778e+01 3.001129e+01 -2.532017e-03 4.132652e-02 3.860480e-02 -9.983996e-01 -1.870202e-06 -1.842923e-06 -6.089630e-06 5.000000e-01
9 28 2.400423e+02 1.800467e+02 8.999690e+01 3.001135e+01 -2.570834e-03 -3.692519e-02 3.872962e-02 -9.985672e-01 -9.891630e-06 6.468772e-06 -2.602549e-04 1.394562e-02
8 28 2.399642e+02 1.650450e+02 8.995770e+01 1.501762e+01 2.128595e-03 4.131320e-02 3.926618e-02 9.983743e-01 -1.427021e-06 -1.943838e-06 5.587668e-06 5.000001e-01
8 28 2.400423e+02 1.650452e+02 8.999680e+01 1.501768e+01 2.168054e-03 -3.690525e-02 3.939155e-02 9.985421e-01 -1.034348e-05 3.925456e-06 2.612624e-04 2.453560e-02
7 28 2.399642e+02 1.499559e+02 8.995767e+01 -2.400778e-02 -1.966802e-03 4.127436e-02 -3.986093e-02 -9.983524e-01 -1.056529e-06 2.422795e-06 -6.079782e-06 5.000000e-01
7 28 2.400423e+02 1.499558e+02 8.999674e+01 -2.406164e-02 -2.006190e-03 -3.687746e-02 -3.998679e-02 -9.985195e-01 -1.072127e-05 -1.522765e-06 -2.610044e-04 3.443134e-02
6 28 2.399642e+02 1.349544e+02 8.995767e+01 -1.501777e+01 1.978306e-03 4.129677e-02 -3.920868e-02 9.983773e-01 -1.117813e-06 2.483304e-06 6.258193e-06 5.000000e-01
6 28 2.400423e+02 1.349543e+02 8.999676e+01 -1.501782e+01 2.017333e-03 -3.689127e-02 -3.933375e-02 9.985449e-01 -1.066566e-05 -4.329617e-06 2.608122e-04 2.310164e-02
5 28 2.399642e+02 1.199528e+02 8.995775e+01 -3.001153e+01 -2.400110e-03 4.131127e-02 -3.856816e-02 -9.984016e-01 -1.619368e-06 2.403191e-06 -6.697014e-06 5.000000e-01
5 28 2.400423e+02 1.199526e+02 8.999686e+01 -3.001158e+01 -2.438516e-03 -3.691168e-02 -3.869253e-02 -9.985692e-01 -1.017387e-05 -6.874760e-06 -2.598152e-04 1.246285e-02
4 28 2.399643e+02 1.049511e+02 8.995801e+01 -4.500503e+01 3.300685e-03 4.121996e-02 -3.792911e-02 9.984299e-01 -1.683813e-06 2.169254e-06 6.553994e-06 4.856812e-01
4 28 2.400422e+02 1.049510e+02 8.999703e+01 -4.500509e+01 3.339036e-03 -3.682840e-02 -3.805277e-02 9.985968e-01 -1.012800e-05 -9.184818e-06 2.588385e-04 3.448857e-03
3 28 2.399645e+02 8.994948e+01 8.995848e+01 -5.999820e+01 -4.676670e-03 4.097230e-02 -3.729014e-02 -9.984642e-01 -4.499003e-07 8.899484e-07 -5.192939e-06 2.471654e-01
3 28 2.400420e+02 8.994936e+01 8.999726e+01 -5.999826e+01 -4.716509e-03 -3.659961e-02 -3.741261e-02 -9.986295e-01 -1.127285e-05 -1.042330e-05 -2.587744e-04 7.442533e-03
2 28 2.399649e+02 7.494772e+01 8.995910e+01 -7.499097e+01 6.467293e-03 4.064216e-02 -3.664807e-02 9.985014e-01 1.168725e-06 7.778378e-09 3.387751e-06 3.028101e-01
2 28 2.400417e+02 7.494760e+01 8.999757e+01 -7.499103e+01 6.509209e-03 -3.629602e-02 -3.676867e-02 9.986644e-01 -1.278112e-05 -1.185816e-05 2.587464e-04 1.580614e-02
1 28 2.399651e+02 5.994575e+01 8.995969e+01 -8.998333e+01 -8.474713e-03 4.043618e-02 -3.599496e-02 -9.985335e-01 1.123668e-06 -8.829743e-07 -2.509323e-06 5.000000e-01
1 28 2.400416e+02 5.994563e+01 8.999798e+01 -8.998340e+01 -8.517703e-03 -3.613952e-02 -3.611435e-02 -9.986940e-01 -1.264884e-05 -1.294386e-05 -2.573761e-04 1.910379e-02
0 28 2.400405e+02 4.494853e+01 8.999910e+01 -1.049744e+02 1.826826e-02 -3.472674e-02 -2.625536e-02 9.990519e-01 -1.003012e-05 -1.100382e-05 2.410759e-04 2.049055e-02
14 27 2.249658e+02 2.550507e+02 7.496598e+01 1.049733e+02 -1.962014e-02 3.896831e-02 2.616154e-02 -9.988979e-01 -3.755083e-06 5.781284e-07 -8.326449e-06 5.000000e-01
14 27 2.250402e+02 2.550508e+02 7.500321e+01 1.049734e+02 -1.966731e-02 -3.550650e-02 2.625457e-02 -9.990245e-01 -4.465728e-06 1.060741e-05 -2.341174e-04 2.514099e-02
13 27 2.249647e+02 2.400537e+02 7.496421e+01 8.998250e+01 1.025522e-02 4.005736e-02 3.615700e-02 9.985430e-01 2.802727e-06 2.328600e-06 2.149703e-05 1.144834e-01
13 27 2.250410e+02 2.400538e+02 7.500244e+01 8.998255e+01 1.029330e-02 -3.642314e-02 3.625429e-02 9.986786e-01 -1.221001e-05 1.180615e-05 2.401947e-04 1.920215e-02
12 27 2.249647e+02 2.250518e+02 7.496384e+01 7.499030e+01 -8.369565e-03 4.007828e-02 3.682611e-02 -9.985177e-01 4.617881e-06 1.495416e-06 -2.130247e-05 1.778209e-01
12 27 2.250411e+02 2.250519e+02 7.500208e+01 7.499035e+01 -8.408043e-03 -3.639335e-02 3.692409e-02 -9.986551e-01 -1.411353e-05 1.060505e-05 -2.427104e-04 2.264608e-02
11 27 2.249645e+02 2.100501e+02 7.496340e+01 5.999767e+01 6.667688e-03 4.028078e-02 3.748467e-02 9.984850e-01 4.291558e-06 6.014172e-07 2.240099e-05 1.504235e-01
11 27 2.250412e+02 2.100502e+02 7.500182e+01 5.999771e+01 6.705020e-03 -3.656107e-02 3.758402e-02 9.986244e-01 -1.387995e-05 9.156471e-06 2.435222e-04 2.032852e-02
10 27 2.249643e+02 1.950484e+02 7.496304e+01 4.500462e+01 -5.321501e-03 4.048571e-02 3.813633e-02 -9.984521e-01 3.498249e-06 -6.656359e-07 -2.355037e-05 1.263646e-01
10 27 2.250414e+02 1.950485e+02 7.500164e+01 4.500466e+01 -5.357681e-03 -3.674455e-02 3.823671e-02 -9.985929e-01 -1.317195e-05 7.901423e-06 -2.438449e-04 1.816231e-02
9 27 2.249641e+02 1.800468e+02 7.496276e+01 3.001126e+01 4.386639e-03 4.065180e-02 3.878269e-02 9.984204e-01 2.646869e-06 -1.729725e-06 2.445883e-05 1.286695e-01
9 27 2.250416e+02 1.800469e+02 7.500153e+01 3.001131e+01 4.421869e-03 -3.689719e-02 3.888417e-02 9.985623e-01 -1.238363e-05 6.247787e-06 2.439277e-04 1.916955e-02
8 27 2.249639e+02 1.650453e+02 7.496258e+01 1.501770e+01 -3.900526e-03 4.079311e-02 3.944586e-02 -9.983886e-01 1.485692e-06 -2.917724e-06 -2.523724e-05 1.566612e-01
8 27 2.250417e+02 1.650454e+02 7.500149e+01 1.501774e+01 -3.934859e-03 -3.703403e-02 3.954807e-02 -9.985312e-01 -1.126432e-05 4.679875e-06 -2.435367e-04 2.232755e-02
7 27 2.249638e+02 1.499556e+02 7.496246e+01 -2.422489e-02 3.653206e-03 4.088946e-02 -4.004208e-02 9.983610e-01 5.367402e-07 4.556688e-06 2.658531e-05 2.139618e-01
7 27 2.250417e+02 1.499555e+02 7.500147e+01 -2.426668e-02 3.686380e-03 -3.714091e-02 -4.014450e-02 9.985034e-01 -1.033889e-05 -3.349389e-06 2.423885e-04 2.691401e-02
6 27 2.249640e+02 1.349541e+02 7.496258e+01 -1.501789e+01 -3.763318e-03 4.074132e-02 -3.939179e-02 -9.983929e-01 2.208005e-06 3.656539e-06 -2.551172e-05 1.890485e-01
6 27 2.250416e+02 1.349540e+02 7.500144e+01 -1.501794e+01 -3.797725e-03 -3.698469e-02 -3.949334e-02 -9.985352e-01 -1.199300e-05 -5.264625e-06 -2.435558e-04 2.166517e-02
5 27 2.249641e+02 1.199525e+02 7.496276e+01 -3.001149e+01 4.265624e-03 4.061233e-02 -3.874820e-02 9.984233e-01 3.183037e-06 2.583063e-06 2.474444e-05 1.681115e-01
5 27 2.250415e+02 1.199525e+02 7.500149e+01 -3.001153e+01 4.300853e-03 -3.685965e-02 -3.884885e-02 9.985650e-01 -1.293015e-05 -6.968883e-06 2.438570e-04 1.910440e-02
4 27 2.249643e+02 1.049509e+02 7.496304e+01 -4.500489e+01 -5.196128e-03 4.044677e-02 -3.810353e-02 -9.984549e-01 4.058453e-06 1.281441e-06 -2.380479e-05 1.587072e-01
4 27 2.250414e+02 1.049509e+02 7.500160e+01 -4.500494e+01 -5.232314e-03 -3.670710e-02 -3.820333e-02 -9.985955e-01 -1.374362e-05 -8.323639e-06 -2.438197e-04 1.998984e-02
3 27 2.249645e+02 8.994928e+01 7.496340e+01 -5.999798e+01 6.537097e-03 4.024545e-02 -3.745598e-02 9.984875e-01 4.831007e-06 2.361570e-07 2.261882e-05 1.785209e-01
3 27 2.250412e+02 8.994919e+01 7.500179e+01 -5.999803e+01 6.574472e-03 -3.652612e-02 -3.755458e-02 9.986268e-01 -1.443832e-05 -9.833415e-06 2.435567e-04 2.280121e-02
2 27 2.249647e+02 7.494749e+01 7.496381e+01 -7.499071e+01 -8.208091e-03 4.007823e-02 -3.679984e-02 -9.985186e-01 4.829295e-06 -1.033801e-06 -2.161298e-05 1.817926e-01
2 27 2.250411e+02 7.494739e+01 7.500205e+01 -7.499075e+01 -8.246441e-03 -3.639418e-02 -3.689750e-02 -9.986561e-01 -1.434581e-05 -1.088719e-05 -2.426669e-04 2.393183e-02
1 27 2.249646e+02 5.994553e+01 7.496417e+01 -8.998300e+01 1.006964e-02 4.007170e-02 -3.613796e-02 9.985431e-01 2.906120e-06 -1.589507e-06 2.179569e-05 9.940686e-02
1 27 2.250411e+02 5.994543e+01 7.500243e+01 -8.998306e+01 1.010754e-02 -3.643516e-02 -3.623479e-02 9.986789e-01 -1.233909e-05 -1.232108e-05 2.401875e-04 2.106709e-02
0 27 2.249658e+02 4.494851e+01 7.496593e+01 -1.049740e+02 -1.943651e-02 3.901420e-02 -2.612235e-02 -9.988971e-01 -4.034738e-06 -6.279438e-07 -8.948839e-06 4.999999e-01
0 27 2.250402e+02 4.494841e+01 7.500320e+01 -1.049741e+02 -1.948302e-02 -3.554963e-02 -2.621585e-02 -9.990240e-01 -4.228568e-06 -1.026433e-05 -2.336976e-04 2.484854e-02
14 26 2.099644e+02 2.550507e+02 5.996909e+01 1.049730e+02 2.054907e-02 3.940853e-02 2.605915e-02 9.988833e-01 -1.127585e-05 2.043501e-06 3.152027e-05 4.042701e-01
14 26 2.100403e+02 2.550508e+02 6.000708e+01 1.049731e+02 2.058408e-02 -3.657629e-02 2.613658e-02 9.989890e-01 4.349575e-06 9.137730e-06 2.112002e-04 5.972479e-02
13 26 2.099642e+02 2.400539e+02 5.996819e+01 8.998225e+01 -1.155089e-02 3.972463e-02 3.627480e-02 -9.985520e-01 4.115167e-06 2.884084e-06 -3.908334e-05 7.495705e-02
13 26 2.100406e+02 2.400540e+02 6.000644e+01 8.998229e+01 -1.158568e-02 -3.677415e-02 3.635084e-02 -9.986622e-01 -1.153092e-05 1.138847e-05 -2.243296e-04 2.039176e-02
12 26 2.099642e+02 2.250520e+02 5.996791e+01 7.499010e+01 9.676450e-03 3.974258e-02 3.694752e-02 9.985266e-01 5.935043e-06 2.377060e-06 3.909197e-05 1.136251e-01
12 26 2.100406e+02 2.250521e+02 6.000615e+01 7.499014e+01 9.711711e-03 -3.675594e-02 3.702452e-02 9.986382e-01 -1.343460e-05 9.850562e-06 2.266820e-04 2.326832e-02
11 26 2.099642e+02 2.100502e+02 5.996766e+01 5.999749e+01 -8.093023e-03 3.977844e-02 3.761729e-02 -9.985002e-01 7.240197e-06 1.109780e-06 -3.940088e-05 1.431495e-01
11 26 2.100407e+02 2.100503e+02 6.000592e+01 5.999753e+01 -8.128333e-03 -3.675857e-02 3.769476e-02 -9.986130e-01 -1.480738e-05 8.747133e-06 -2.283510e-04 2.795280e-02
10 26 2.099641e+02 1.950486e+02 5.996740e+01 4.500451e+01 6.798861e-03 3.991162e-02 3.827811e-02 9.984698e-01 7.160861e-06 5.260685e-08 4.026052e-05 1.419201e-01
10 26 2.100408e+02 1.950486e+02 6.000578e+01 4.500454e+01 6.833510e-03 -3.687127e-02 3.835650e-02 9.985836e-01 -1.479583e-05 7.262568e-06 2.290098e-04 2.841080e-02
9 26 2.099640e+02 1.800469e+02 5.996719e+01 3.001119e+01 -5.890080e-03 4.004026e-02 3.893295e-02 -9.984393e-01 6.671622e-06 -1.204602e-06 -4.107560e-05 1.395584e-01
9 26 2.100409e+02 1.800470e+02 6.000570e+01 3.001122e+01 -5.924057e-03 -3.698890e-02 3.901209e-02 -9.985539e-01 -1.436219e-05 5.797419e-06 -2.292141e-04 2.902844e-02
8 26 2.099638e+02 1.650454e+02 5.996704e+01 1.501768e+01 5.413874e-03 4.016569e-02 3.960108e-02 9.984080e-01 5.662861e-06 -2.244595e-06 4.181656e-05 1.330903e-01
8 26 2.100410e+02 1.650455e+02 6.000567e+01 1.501771e+01 5.447094e-03 -3.711171e-02 3.968095e-02 9.985230e-01 -1.338656e-05 4.071809e-06 2.288825e-04 3.055667e-02
7 26 2.099637e+02 1.499555e+02 5.996693e+01 -2.424330e-02 -5.169523e-03 4.026627e-02 -4.020152e-02 -9.983799e-01 4.662600e-06 3.854664e-06 -4.310873e-05 1.464554e-01
7 26 2.100411e+02 1.499554e+02 6.000567e+01 -2.427549e-02 -5.201646e-03 -3.722216e-02 -4.028159e-02 -9.984948e-01 -1.240576e-05 -2.700549e-06 -2.277891e-04 3.323101e-02
6 26 2.099639e+02 1.349540e+02 5.996705e+01 -1.501787e+01 5.279850e-03 4.011524e-02 -3.954763e-02 9.984121e-01 6.382450e-06 3.119757e-06 4.206837e-05 1.590748e-01
6 26 2.100410e+02 1.349539e+02 6.000563e+01 -1.501791e+01 5.313143e-03 -3.706313e-02 -3.962679e-02 9.985269e-01 -1.410661e-05 -4.773735e-06 2.289243e-04 3.085342e-02
5 26 2.099640e+02 1.199524e+02 5.996719e+01 -3.001143e+01 -5.772484e-03 4.000246e-02 -3.889767e-02 -9.984422e-01 7.195037e-06 1.870657e-06 -4.134263e-05 1.576473e-01
5 26 2.100409e+02 1.199523e+02 6.000567e+01 -3.001146e+01 -5.806449e-03 -3.695320e-02 -3.897618e-02 -9.985566e-01 -1.489248e-05 -6.312555e-06 -2.291635e-04 3.017864e-02
4 26 2.099641e+02 1.049508e+02 5.996740e+01 -4.500478e+01 6.673899e-03 3.987914e-02 -3.824609e-02 9.984723e-01 7.654350e-06 7.095455e-07 4.055148e-05 1.580464e-01
4 26 2.100408e+02 1.049507e+02 6.000575e+01 -4.500481e+01 6.708513e-03 -3.684055e-02 -3.832382e-02 9.985861e-01 -1.530332e-05 -7.864511e-06 2.289554e-04 3.013063e-02
3 26 2.099643e+02 8.994912e+01 5.996766e+01 -5.999783e+01 -7.957374e-03 3.975441e-02 -3.758782e-02 -9.985023e-01 7.666774e-06 -5.834882e-07 -3.967813e-05 1.539898e-01
3 26 2.100407e+02 8.994904e+01 6.000590e+01 -5.999787e+01 -7.992638e-03 -3.673594e-02 -3.766484e-02 -9.986150e-01 -1.524951e-05 -9.129188e-06 -2.283345e-04 2.998368e-02
2 26 2.099642e+02 7.494734e+01 5.996789e+01 -7.499049e+01 9.519311e-03 3.973994e-02 -3.692246e-02 9.985276e-01 6.174585e-06 -1.628679e-06 3.940148e-05 1.161637e-01
2 26 2.100406e+02 7.494726e+01 6.000613e+01 -7.499053e+01 9.554453e-03 -3.675329e-02 -3.699891e-02 9.986392e-01 -1.369054e-05 -1.041037e-05 2.266415e-04 2.512666e-02
1 26 2.099642e+02 5.994535e+01 5.996817e+01 -8.998278e+01 -1.137033e-02 3.973499e-02 -3.625626e-02 -9.985523e-01 4.253882e-06 -2.535753e-06 -3.937752e-05 7.331608e-02
1 26 2.100406e+02 5.994527e+01 6.000642e+01 -8.998282e+01 -1.140498e-02 -3.678373e-02 -3.633214e-02 -9.986626e-01 -1.168778e-05 -1.150283e-05 -2.243338e-04 2.124876e-02
0 26 2.099645e+02 4.494849e+01 5.996911e+01 -1.049737e+02 2.041625e-02 3.937010e-02 -2.602968e-02 9.988856e-01 -1.069300e-05 -1.619372e-06 3.148813e-05 3.846388e-01
0 26 2.100403e+02 4.494841e+01 6.000705e+01 -1.049737e+02 2.045144e-02 -3.653441e-02 -2.610675e-02 9.989913e-01 3.755512e-06 -9.262716e-06 2.114968e-04 5.713630e-02
14 25 1.949640e+02 2.550508e+02 4.497250e+01 1.049728e+02 -2.156270e-02 3.911271e-02 2.607261e-02 -9.988946e-01 -1.031404e-05 2.338261e-06 -4.709205e-05 2.612619e-01
14 25 1.950399e+02 2.550508e+02 4.501050e+01 1.049728e+02 -2.159458e-02 -3.689349e-02 2.612850e-02 -9.989775e-01 5.205370e-06 8.873809e-06 -1.966721e-04 6.620280e-02
13 25 1.949638e+02 2.400540e+02 4.497182e+01 8.998209e+01 1.253507e-02 3.941894e-02 3.637102e-02 9.985606e-01 5.231022e-06 3.692481e-06 5.556813e-05 6.199012e-02
13 25 1.950402e+02 2.400541e+02 4.501008e+01 8.998212e+01 1.256674e-02 -3.711452e-02 3.642691e-02 9.986469e-01 -1.070283e-05 1.065926e-05 2.091738e-04 2.006930e-02
12 25 1.949638e+02 2.250521e+02 4.497160e+01 7.498994e+01 -1.066732e-02 3.943434e-02 3.704634e-02 -9.985352e-01 7.058216e-06 2.906112e-06 -5.584407e-05 8.760698e-02
12 25 1.950402e+02 2.250521e+02 4.500987e+01 7.498997e+01 -1.069936e-02 -3.710177e-02 3.710290e-02 -9.986225e-01 -1.259583e-05 9.406694e-06 -2.112716e-04 2.355968e-02
11 25 1.949638e+02 2.100503e+02 4.497144e+01 5.999738e+01 9.105151e-03 3.944826e-02 3.771872e-02 9.985095e-01 8.546994e-06 1.901883e-06 5.622081e-05 1.118589e-01
11 25 1.950403e+02 2.100504e+02 4.500970e+01 5.999741e+01 9.137401e-03 -3.709347e-02 3.777582e-02 9.985976e-01 -1.414371e-05 8.054566e-06 2.129040e-04 2.919390e-02
10 25 1.949638e+02 1.950487e+02 4.497128e+01 4.500441e+01 -7.871021e-03 3.949862e-02 3.838713e-02 -9.984820e-01 9.282572e-06 5.558431e-07 -5.677555e-05 1.264779e-01
10 25 1.950403e+02 1.950487e+02 4.500959e+01 4.500444e+01 -7.903142e-03 -3.712631e-02 3.844463e-02 -9.985708e-01 -1.492366e-05 6.806400e-06 -2.138983e-04 3.317505e-02
9 25 1.949637e+02 1.800470e+02 4.497113e+01 3.001114e+01 6.983202e-03 3.959798e-02 3.904680e-02 9.984525e-01 9.080728e-06 -6.136083e-07 5.754267e-05 1.276284e-01
9 25 1.950404e+02 1.800471e+02 4.500953e+01 3.001117e+01 7.014845e-03 -3.721814e-02 3.910492e-02 9.985418e-01 -1.476076e-05 5.255123e-06 2.141791e-04 3.478467e-02
8 25 1.949636e+02 1.650455e+02 4.497101e+01 1.501766e+01 -6.520968e-03 3.970356e-02 3.972043e-02 -9.984217e-01 8.255480e-06 -1.762503e-06 -5.823622e-05 1.233722e-01
8 25 1.950405e+02 1.650455e+02 4.500952e+01 1.501768e+01 -6.552010e-03 -3.732299e-02 3.977909e-02 -9.985112e-01 -1.396197e-05 3.628530e-06 -2.139049e-04 3.601492e-02
7 25 1.949634e+02 1.499554e+02 4.497092e+01 -2.424567e-02 6.284672e-03 3.979973e-02 -4.032405e-02 9.983937e-01 7.281083e-06 3.361180e-06 5.945027e-05 1.272271e-01
7 25 1.950405e+02 1.499554e+02 4.500953e+01 -2.426868e-02 6.314737e-03 -3.742979e-02 -4.038284e-02 9.984829e-01 -1.300450e-05 -2.231276e-06 2.128859e-04 3.809436e-02
6 25 1.949636e+02 1.349539e+02 4.497102e+01 -1.501787e+01 -6.385962e-03 3.965751e-02 -3.966543e-02 -9.984257e-01 8.924154e-06 2.521324e-06 -5.851484e-05 1.395391e-01
6 25 1.950404e+02 1.349538e+02 4.500949e+01 -1.501789e+01 -6.417029e-03 -3.727949e-02 -3.972349e-02 -9.985150e-01 -1.463582e-05 -4.217933e-06 -2.139183e-04 3.692661e-02
5 25 1.949637e+02 1.199523e+02 4.497113e+01 -3.001138e+01 6.866352e-03 3.956561e-02 -3.901250e-02 9.984551e-01 9.544069e-06 1.349714e-06 5.786465e-05 1.393969e-01
5 25 1.950404e+02 1.199523e+02 4.500951e+01 -3.001140e+01 6.897926e-03 -3.718860e-02 -3.907000e-02 9.985442e-01 -1.523273e-05 -5.857376e-06 2.140737e-04 3.580671e-02
4 25 1.949638e+02 1.049507e+02 4.497128e+01 -4.500470e+01 -7.746076e-03 3.947099e-02 -3.835428e-02 -9.984844e-01 9.720799e-06 6.771693e-08 -5.710896e-05 1.358027e-01
4 25 1.950403e+02 1.049506e+02 4.500956e+01 -4.500473e+01 -7.778105e-03 -3.710127e-02 -3.841126e-02 -9.985730e-01 -1.537443e-05 -7.267226e-06 -2.137972e-04 3.493706e-02
3 25 1.949638e+02 8.994902e+01 4.497143e+01 -5.999771e+01 8.970321e-03 3.942839e-02 -3.769023e-02 9.985113e-01 8.931806e-06 -1.168637e-06 5.655806e-05 1.189375e-01
3 25 1.950402e+02 8.994897e+01 4.500968e+01 -5.999774e+01 9.002474e-03 -3.707568e-02 -3.774676e-02 9.985993e-01 -1.453771e-05 -8.615243e-06 2.128194e-04 3.118927e-02
2 25 1.949638e+02 7.494722e+01 4.497159e+01 -7.499036e+01 -1.051429e-02 3.942998e-02 -3.702114e-02 -9.985363e-01 7.310019e-06 -2.420615e-06 -5.616726e-05 9.030456e-02
2 25 1.950402e+02 7.494716e+01 4.500985e+01 -7.499039e+01 -1.054620e-02 -3.709866e-02 -3.707736e-02 -9.986235e-01 -1.285943e-05 -9.696742e-06 -2.112201e-04 2.520996e-02
1 25 1.949638e+02 5.994524e+01 4.497180e+01 -8.998260e+01 1.235966e-02 3.942611e-02 -3.635320e-02 9.985610e-01 5.394497e-06 -3.028782e-06 5.588205e-05 5.943325e-02
1 25 1.950402e+02 5.994518e+01 4.501007e+01 -8.998264e+01 1.239120e-02 -3.712194e-02 -3.640866e-02 9.986473e-01 -1.088475e-05 -1.109612e-05 2.091605e-04 2.219375e-02
0 25 1.949641e+02 4.494840e+01 4.497252e+01 -1.049735e+02 -2.143133e-02 3.907401e-02 -2.604086e-02 -9.988970e-01 -9.732271e-06 -2.238971e-06 -4.709314e-05 2.485210e-01
0 25 1.950399e+02 4.494834e+01 4.501048e+01 -1.049735e+02 -2.146334e-02 -3.685256e-02 -2.609668e-02 -9.989799e-01 4.616477e-06 -8.684851e-06 -1.969350e-04 6.297482e-02
14 24 1.799636e+02 2.550508e+02 2.997566e+01 1.049727e+02 2.227088e-02 3.882977e-02 2.608551e-02 9.989053e-01 -9.406138e-06 2.894189e-06 6.183029e-05 1.931117e-01
14 24 1.800396e+02 2.550509e+02 3.001367e+01 1.049727e+02 2.229979e-02 -3.719751e-02 2.612102e-02 9.989665e-01 6.082454e-06 8.357434e-06 1.826678e-04 7.325602e-02
13 24 1.799634e+02 2.400541e+02 2.997518e+01 8.998196e+01 -1.322443e-02 3.912433e-02 3.644205e-02 -9.985696e-01 6.268249e-06 4.182403e-06 -7.115666e-05 5.345585e-02
13 24 1.800398e+02 2.400541e+02 3.001345e+01 8.998199e+01 -1.325314e-02 -3.743702e-02 3.647821e-02 -9.986330e-01 -9.840381e-06 1.023259e-05 -1.945152e-04 2.066084e-02
12 24 1.799634e+02 2.250522e+02 2.997504e+01 7.498985e+01 1.136185e-02 3.913568e-02 3.711880e-02 9.985442e-01 8.110381e-06 3.640888e-06 7.170638e-05 7.471425e-02
12 24 1.800399e+02 2.250522e+02 3.001332e+01 7.498988e+01 1.139081e-02 -3.742952e-02 3.715568e-02 9.986083e-01 -1.172791e-05 8.723099e-06 1.963509e-04 2.330538e-02
11 24 1.799634e+02 2.100504e+02 2.997493e+01 5.999730e+01 -9.804690e-03 3.914516e-02 3.779354e-02 -9.985185e-01 9.624174e-06 2.471840e-06 -7.229461e-05 9.345639e-02
11 24 1.800399e+02 2.100504e+02 3.001321e+01 5.999731e+01 -9.833826e-03 -3.742488e-02 3.783073e-02 -9.985831e-01 -1.327809e-05 7.518799e-06 -1.977804e-04 2.956196e-02
10 24 1.799634e+02 1.950487e+02 2.997484e+01 4.500436e+01 8.595335e-03 3.915963e-02 3.846478e-02 9.984924e-01 1.069623e-05 1.195030e-06 7.282793e-05 1.093146e-01
10 24 1.800399e+02 1.950488e+02 3.001313e+01 4.500438e+01 8.624537e-03 -3.742856e-02 3.850223e-02 9.985573e-01 -1.437929e-05 6.199302e-06 1.988198e-04 3.551096e-02
9 24 1.799633e+02 1.800471e+02 2.997474e+01 3.001110e+01 -7.729784e-03 3.922907e-02 3.912927e-02 -9.984638e-01 1.078105e-05 -8.186987e-08 -7.356084e-05 1.140855e-01
9 24 1.800399e+02 1.800471e+02 3.001310e+01 3.001112e+01 -7.758662e-03 -3.749316e-02 3.916709e-02 -9.985290e-01 -1.449122e-05 4.770704e-06 -1.991541e-04 3.829272e-02
8 24 1.799632e+02 1.650456e+02 2.997466e+01 1.501765e+01 7.278077e-03 3.931719e-02 3.980525e-02 9.984336e-01 1.012510e-05 -1.201480e-06 7.421400e-05 1.117148e-01
8 24 1.800400e+02 1.650456e+02 3.001310e+01 1.501767e+01 7.306485e-03 -3.758283e-02 3.984350e-02 9.984989e-01 -1.385044e-05 3.093941e-06 1.989301e-04 4.012931e-02
7 24 1.799631e+02 1.499554e+02 2.997458e+01 -2.426534e-02 -7.050932e-03 3.940438e-02 -4.041154e-02 -9.984058e-01 9.230227e-06 2.806346e-06 -7.536419e-05 1.135123e-01
7 24 1.800401e+02 1.499553e+02 3.001311e+01 -2.427959e-02 -7.078487e-03 -3.768200e-02 -4.044984e-02 -9.984708e-01 -1.296807e-05 -1.695259e-06 -1.979780e-04 4.227119e-02
6 24 1.799633e+02 1.349538e+02 2.997467e+01 -1.501785e+01 7.140352e-03 3.927957e-02 -3.975089e-02 9.984373e-01 1.070860e-05 2.007083e-06 7.457079e-05 1.234075e-01
6 24 1.800400e+02 1.349538e+02 3.001307e+01 -1.501786e+01 7.168700e-03 -3.754853e-02 -3.978855e-02 9.985024e-01 -1.443776e-05 -3.727443e-06 1.988641e-04 4.078411e-02
5 24 1.799633e+02 1.199522e+02 2.997475e+01 -3.001135e+01 -7.613978e-03 3.919761e-02 -3.909420e-02 -9.984664e-01 1.123560e-05 7.509225e-07 -7.391494e-05 1.225432e-01
5 24 1.800399e+02 1.199522e+02 3.001308e+01 -3.001137e+01 -7.642751e-03 -3.746527e-02 -3.913149e-02 -9.985315e-01 -1.495083e-05 -5.280336e-06 -1.990134e-04 3.957224e-02
4 24 1.799634e+02 1.049506e+02 2.997485e+01 -4.500464e+01 8.473230e-03 3.913166e-02 -3.843289e-02 9.984947e-01 1.113654e-05 -5.046410e-07 7.319795e-05 1.166944e-01
4 24 1.800399e+02 1.049506e+02 3.001311e+01 -4.500465e+01 8.502312e-03 -3.740377e-02 -3.846980e-02 9.985595e-01 -1.482539e-05 -6.754998e-06 1.986858e-04 3.731532e-02
3 24 1.799634e+02 8.994894e+01 2.997493e+01 -5.999764e+01 -9.671317e-03 3.912500e-02 -3.776444e-02 -9.985204e-01 1.000555e-05 -1.875557e-06 -7.266048e-05 9.870860e-02
3 24 1.800398e+02 8.994891e+01 3.001319e+01 -5.999766e+01 -9.700324e-03 -3.740750e-02 -3.780118e-02 -9.985849e-01 -1.366603e-05 -7.954733e-06 -1.976669e-04 3.165524e-02
2 24 1.799634e+02 7.494715e+01 2.997503e+01 -7.499026e+01 1.121179e-02 3.913029e-02 -3.709427e-02 9.985453e-01 8.365620e-06 -2.943043e-06 7.206640e-05 7.656660e-02
2 24 1.800398e+02 7.494712e+01 3.001331e+01 -7.499027e+01 1.124063e-02 -3.742635e-02 -3.713065e-02 9.986093e-01 -1.199310e-05 -9.236561e-06 1.962634e-04 2.551299e-02
1 24 1.799634e+02 5.994515e+01 2.997517e+01 -8.998250e+01 -1.305123e-02 3.913024e-02 -3.642411e-02 -9.985700e-01 6.440630e-06 -3.761784e-06 -7.150041e-05 5.311334e-02
1 24 1.800398e+02 5.994511e+01 3.001345e+01 -8.998252e+01 -1.307979e-02 -3.744463e-02 -3.646003e-02 -9.986333e-01 -1.002234e-05 -1.041795e-05 -1.944760e-04 2.200831e-02
0 24 1.799637e+02 4.494835e+01 2.997568e+01 -1.049734e+02 2.214169e-02 3.879000e-02 -2.605615e-02 9.989076e-01 -8.816386e-06 -2.519801e-06 6.185636e-05 1.828482e-01
0 24 1.800395e+02 4.494831e+01 3.001365e+01 -1.049734e+02 2.217072e-02 -3.715608e-02 -2.609141e-02 9.989688e-01 5.486528e-06 -8.424067e-06 1.829065e-04 7.012499e-02
14 23 1.649632e+02 2.550509e+02 1.497867e+01 1.049726e+02 -2.268539e-02 3.855156e-02 2.609979e-02 -9.989157e-01 -8.500256e-06 3.198407e-06 -7.595040e-05 1.519156e-01
14 23 1.650392e+02 2.550509e+02 1.501669e+01 1.049726e+02 -2.271147e-02 -3.748821e-02 2.611536e-02 -9.989558e-01 6.930757e-06 8.066222e-06 -1.689792e-04 8.153084e-02
13 23 1.649630e+02 2.400542e+02 1.497837e+01 8.998191e+01 1.362693e-02 3.883388e-02 3.648744e-02 9.985793e-01 7.275515e-06 4.841360e-06 8.607905e-05 4.944852e-02
13 23 1.650395e+02 2.400542e+02 1.501665e+01 8.998192e+01 1.365276e-02 -3.774461e-02 3.650444e-02 9.986205e-01 -8.974328e-06 9.603715e-06 1.801390e-04 2.054646e-02
12 23 1.649630e+02 2.250522e+02 1.497830e+01 7.498979e+01 -1.176862e-02 3.884003e-02 3.716576e-02 -9.985541e-01 9.140183e-06 4.173004e-06 -8.691168e-05 6.678214e-02
12 23 1.650395e+02 2.250522e+02 1.501659e+01 7.498980e+01 -1.179463e-02 -3.774140e-02 3.718323e-02 -9.985955e-01 -1.085740e-05 8.225438e-06 -1.816964e-04 2.329863e-02
11 23 1.649630e+02 2.100504e+02 1.497825e+01 5.999726e+01 1.021315e-02 3.884538e-02 3.784110e-02 9.985285e-01 1.066776e-05 3.143194e-06 8.772756e-05 8.228562e-02
11 23 1.650395e+02 2.100505e+02 1.501654e+01 5.999727e+01 1.023925e-02 -3.774100e-02 3.785883e-02 9.985701e-01 -1.240233e-05 6.880373e-06 1.829020e-04 2.991765e-02
10 23 1.649630e+02 1.950488e+02 1.497821e+01 4.500432e+01 -9.005865e-03 3.885619e-02 3.851415e-02 -9.985023e-01 1.175428e-05 1.822405e-06 -8.844657e-05 9.521412e-02
10 23 1.650395e+02 1.950488e+02 1.501651e+01 4.500433e+01 -9.032001e-03 -3.774832e-02 3.853199e-02 -9.985441e-01 -1.350474e-05 5.610609e-06 -1.837685e-04 3.647705e-02
9 23 1.649630e+02 1.800472e+02 1.497816e+01 3.001110e+01 8.165001e-03 3.888791e-02 3.918061e-02 9.984751e-01 1.220821e-05 4.988709e-07 8.909125e-05 1.032464e-01
9 23 1.650395e+02 1.800472e+02 1.501649e+01 3.001110e+01 8.191002e-03 -3.777795e-02 3.919860e-02 9.985170e-01 -1.396354e-05 4.206811e-06 1.842058e-04 4.126653e-02
8 23 1.649629e+02 1.650456e+02 1.497810e+01 1.501764e+01 -7.719768e-03 3.896759e-02 3.985985e-02 -9.984452e-01 1.162908e-05 -6.755763e-07 -8.976901e-05 1.018598e-01
8 23 1.650396e+02 1.650456e+02 1.501651e+01 1.501765e+01 -7.745351e-03 -3.786153e-02 3.987815e-02 -9.984870e-01 -1.339653e-05 2.583661e-06 -1.839604e-04 4.338092e-02
7 23 1.649627e+02 1.499553e+02 1.497803e+01 -2.426956e-02 7.499499e-03 3.904730e-02 -4.046801e-02 9.984176e-01 1.080097e-05 2.287205e-06 9.088808e-05 1.030981e-01
7 23 1.650396e+02 1.499553e+02 1.501653e+01 -2.427522e-02 7.524309e-03 -3.795423e-02 -4.048627e-02 9.984590e-01 -1.257626e-05 -1.182131e-06 1.830443e-04 4.581070e-02
6 23 1.649629e+02 1.349538e+02 1.497811e+01 -1.501786e+01 -7.581804e-03 3.893043e-02 -3.980443e-02 -9.984488e-01 1.220457e-05 1.427862e-06 -9.014979e-05 1.109754e-01
6 23 1.650395e+02 1.349538e+02 1.501649e+01 -1.501786e+01 -7.607296e-03 -3.782809e-02 -3.982218e-02 -9.984905e-01 -1.397437e-05 -3.162468e-06 -1.838725e-04 4.426004e-02
5 23 1.649630e+02 1.199522e+02 1.497817e+01 -3.001133e+01 8.048858e-03 3.885984e-02 -3.914642e-02 9.984776e-01 1.262981e-05 2.021734e-07 8.950250e-05 1.098338e-01
5 23 1.650395e+02 1.199522e+02 1.501647e+01 -3.001133e+01 8.074699e-03 -3.775422e-02 -3.916389e-02 9.985193e-01 -1.439094e-05 -4.750469e-06 1.840044e-04 4.244824e-02
4 23 1.649630e+02 1.049506e+02 1.497822e+01 -4.500462e+01 -8.884621e-03 3.882780e-02 -3.848167e-02 -9.985046e-01 1.219441e-05 -1.164288e-06 -8.884398e-05 1.011270e-01
4 23 1.650395e+02 1.049506e+02 1.501649e+01 -4.500462e+01 -8.910611e-03 -3.772386e-02 -3.849902e-02 -9.985463e-01 -1.394705e-05 -6.123012e-06 -1.836056e-04 3.841302e-02
3 23 1.649630e+02 8.994891e+01 1.497825e+01 -5.999759e+01 1.008170e-02 3.882474e-02 -3.781275e-02 9.985303e-01 1.105255e-05 -2.455959e-06 8.813119e-05 8.666741e-02
3 23 1.650395e+02 8.994889e+01 1.501652e+01 -5.999760e+01 1.010766e-02 -3.772398e-02 -3.782999e-02 9.985719e-01 -1.279084e-05 -7.411792e-06 1.827570e-04 3.220565e-02
2 23 1.649630e+02 7.494710e+01 1.497830e+01 -7.499021e+01 -1.161919e-02 3.883430e-02 -3.714079e-02 -9.985552e-01 9.396389e-06 -3.610888e-06 -8.730616e-05 6.851075e-02
2 23 1.650395e+02 7.494708e+01 1.501658e+01 -7.499022e+01 -1.164505e-02 -3.773903e-02 -3.715788e-02 -9.985965e-01 -1.111931e-05 -8.596759e-06 -1.815773e-04 2.544297e-02
1 23 1.649630e+02 5.994511e+01 1.497836e+01 -8.998243e+01 1.345524e-02 3.883875e-02 -3.646993e-02 9.985797e-01 7.454255e-06 -4.248698e-06 8.645400e-05 4.874712e-02
1 23 1.650395e+02 5.994509e+01 1.501665e+01 -8.998244e+01 1.348093e-02 -3.775214e-02 -3.648656e-02 9.986208e-01 -9.157812e-06 -9.968637e-06 1.800682e-04 2.281763e-02
0 23 1.649633e+02 4.494831e+01 1.497869e+01 -1.049733e+02 -2.255611e-02 3.851150e-02 -2.606811e-02 -9.989181e-01 -7.909147e-06 -3.021526e-06 -7.600769e-05 1.437533e-01
0 23 1.650392e+02 4.494829e+01 1.501667e+01 -1.049733e+02 -2.258228e-02 -3.744747e-02 -2.608361e-02 -9.989581e-01 6.336374e-06 -7.946818e-06 -1.691880e-04 7.784925e-02
14 22 1.499629e+02 2.550509e+02 -1.839618e-02 1.049726e+02 2.281083e-02 3.827405e-02 2.610948e-02 9.989261e-01 -7.584169e-06 3.648858e-06 8.968916e-05 1.240612e-01
14 22 1.500388e+02 2.550509e+02 1.962152e-02 1.049726e+02 2.283413e-02 -3.777064e-02 2.610553e-02 9.989454e-01 7.756904e-06 7.625284e-06 1.553738e-04 9.079512e-02
13 22 1.499626e+02 2.400542e+02 -1.851599e-02 8.998188e+01 -1.374831e-02 3.854232e-02 3.650794e-02 -9.985898e-01 8.271307e-06 5.364339e-06 -1.005703e-04 4.653268e-02
13 22 1.500391e+02 2.400542e+02 1.977070e-02 8.998188e+01 -1.377135e-02 -3.804128e-02 3.650590e-02 -9.986091e-01 -8.109180e-06 9.092589e-06 -1.658133e-04 2.115765e-02
12 22 1.499626e+02 2.250522e+02 -1.851298e-02 7.498978e+01 1.189114e-02 3.854334e-02 3.718619e-02 9.985648e-01 1.015357e-05 4.790825e-06 1.016839e-04 6.172918e-02
12 22 1.500391e+02 2.250522e+02 1.977497e-02 7.498978e+01 1.191425e-02 -3.804287e-02 3.718452e-02 9.985840e-01 -9.984798e-06 7.613017e-06 1.670886e-04 2.311892e-02
11 22 1.499626e+02 2.100505e+02 -1.850954e-02 5.999724e+01 -1.033595e-02 3.854461e-02 3.786248e-02 -9.985393e-01 1.169424e-05 3.722166e-06 -1.027475e-04 7.485824e-02
11 22 1.500391e+02 2.100505e+02 1.978102e-02 5.999724e+01 -1.035908e-02 -3.804689e-02 3.786089e-02 -9.985585e-01 -1.152292e-05 6.307450e-06 -1.680491e-04 3.036924e-02
10 22 1.499626e+02 1.950488e+02 -1.850984e-02 4.500433e+01 9.127643e-03 3.855219e-02 3.853503e-02 9.985133e-01 1.278988e-05 2.443695e-06 1.036504e-04 8.570411e-02
10 22 1.500391e+02 1.950488e+02 1.978982e-02 4.500432e+01 9.150739e-03 -3.805757e-02 3.853343e-02 9.985323e-01 -1.261396e-05 4.991165e-06 1.687310e-04 3.762634e-02
9 22 1.499626e+02 1.800472e+02 -1.851328e-02 3.001109e+01 -8.297847e-03 3.856612e-02 3.920319e-02 -9.984868e-01 1.340557e-05 1.095312e-06 -1.043269e-04 9.397084e-02
9 22 1.500391e+02 1.800472e+02 1.980153e-02 3.001108e+01 -8.320881e-03 -3.807399e-02 3.920159e-02 -9.985057e-01 -1.322423e-05 3.628319e-06 -1.691482e-04 4.372235e-02
8 22 1.499625e+02 1.650456e+02 -1.855230e-02 1.501766e+01 7.862625e-03 3.862977e-02 3.988286e-02 9.984574e-01 1.298529e-05 -1.258695e-07 1.049826e-04 9.412011e-02
8 22 1.500392e+02 1.650456e+02 1.982871e-02 1.501766e+01 7.885317e-03 -3.814276e-02 3.988144e-02 9.984761e-01 -1.280182e-05 2.039096e-06 1.689324e-04 4.670015e-02
7 22 1.499624e+02 1.499553e+02 -1.860873e-02 -2.429161e-02 -7.648615e-03 3.870085e-02 -4.049214e-02 -9.984301e-01 1.224055e-05 1.749487e-06 -1.060610e-04 9.533552e-02
7 22 1.500392e+02 1.499553e+02 1.985008e-02 -2.428881e-02 -7.670607e-03 -3.822733e-02 -4.049060e-02 -9.984484e-01 -1.206088e-05 -6.451249e-07 -1.680586e-04 4.962010e-02
6 22 1.499625e+02 1.349538e+02 -1.853996e-02 -1.501785e+01 7.723585e-03 3.859607e-02 -3.982833e-02 9.984608e-01 1.352581e-05 8.605480e-07 1.054107e-04 1.014003e-01
6 22 1.500391e+02 1.349538e+02 1.980954e-02 -1.501785e+01 7.746138e-03 -3.811346e-02 -3.982639e-02 9.984794e-01 -1.334448e-05 -2.601999e-06 1.687966e-04 4.754573e-02
5 22 1.499626e+02 1.199522e+02 -1.850269e-02 -3.001133e+01 -8.183561e-03 3.853485e-02 -3.916835e-02 -9.984893e-01 1.385145e-05 -3.929295e-07 -1.047513e-04 9.973701e-02
5 22 1.500391e+02 1.199522e+02 1.978319e-02 -3.001133e+01 -8.206421e-03 -3.804740e-02 -3.916626e-02 -9.985081e-01 -1.367046e-05 -4.168746e-06 -1.689340e-04 4.509408e-02
4 22 1.499626e+02 1.049506e+02 -1.850060e-02 -4.500460e+01 9.007563e-03 3.852324e-02 -3.850329e-02 9.985156e-01 1.323643e-05 -1.780614e-06 1.040816e-04 9.074709e-02
4 22 1.500391e+02 1.049506e+02 1.977243e-02 -4.500460e+01 9.030487e-03 -3.803327e-02 -3.850123e-02 9.985345e-01 -1.305796e-05 -5.518291e-06 1.685382e-04 3.968644e-02
3 22 1.499626e+02 8.994888e+01 -1.850447e-02 -5.999759e+01 -1.020464e-02 3.852352e-02 -3.783347e-02 -9.985412e-01 1.207939e-05 -3.076903e-06 -1.031784e-04 7.853155e-02
3 22 1.500391e+02 8.994888e+01 1.976720e-02 -5.999758e+01 -1.022760e-02 -3.803023e-02 -3.783142e-02 -9.985602e-01 -1.190596e-05 -6.799468e-06 -1.678768e-04 3.282072e-02
2 22 1.499626e+02 7.494709e+01 -1.851558e-02 -7.499018e+01 1.174249e-02 3.853718e-02 -3.716173e-02 9.985659e-01 1.040995e-05 -4.149844e-06 1.021191e-04 6.313431e-02
2 22 1.500391e+02 7.494709e+01 1.976837e-02 -7.499018e+01 1.176544e-02 -3.804104e-02 -3.715962e-02 9.985850e-01 -1.024490e-05 -8.072420e-06 1.669311e-04 2.570525e-02
1 22 1.499626e+02 5.994508e+01 -1.852294e-02 -8.998241e+01 -1.357676e-02 3.854690e-02 -3.649018e-02 -9.985903e-01 8.450137e-06 -4.860457e-06 -1.009775e-04 4.633289e-02
1 22 1.500391e+02 5.994508e+01 1.977023e-02 -8.998241e+01 -1.359964e-02 -3.804968e-02 -3.648784e-02 -9.986095e-01 -8.289353e-06 -9.360891e-06 -1.657079e-04 2.315220e-02
0 22 1.499629e+02 4.494829e+01 -1.837326e-02 -1.049733e+02 2.268233e-02 3.823318e-02 -2.608005e-02 9.989284e-01 -6.984119e-06 -3.339945e-06 8.977138e-05 1.168881e-01
0 22 1.500388e+02 4.494830e+01 1.960355e-02 -1.049733e+02 2.270570e-02 -3.772973e-02 -2.607598e-02 9.989477e-01 7.160357e-06 -7.628108e-06 1.555581e-04 8.697459e-02
14 21 1.349625e+02 2.550509e+02 -1.501546e+01 1.049726e+02 -2.265051e-02 3.799241e-02 2.611891e-02 -9.989367e-01 -6.642680e-06 3.997964e-06 -1.032747e-04 1.033181e-01
14 21 1.350385e+02 2.550509e+02 -1.497744e+01 1.049726e+02 -2.267103e-02 -3.804857e-02 2.609535e-02 -9.989351e-01 8.558310e-06 7.258301e-06 -1.416206e-04 1.018339e-01
13 21 1.349622e+02 2.400542e+02 -1.501539e+01 8.998192e+01 1.358962e-02 3.824551e-02 3.650313e-02 9.986014e-01 9.262680e-06 5.918378e-06 1.148711e-04 4.469269e-02
13 21 1.350387e+02 2.400542e+02 -1.497711e+01 8.998191e+01 1.360986e-02 -3.833278e-02 3.648205e-02 9.985989e-01 -7.238692e-06 8.524850e-06 1.512969e-04 2.187233e-02
12 21 1.349622e+02 2.250522e+02 -1.501532e+01 7.498980e+01 -1.173144e-02 3.824132e-02 3.718109e-02 -9.985766e-01 1.115826e-05 5.356970e-06 -1.162646e-04 5.806591e-02
12 21 1.350387e+02 2.250522e+02 -1.497703e+01 7.498979e+01 -1.175167e-02 -3.833901e-02 3.716021e-02 -9.985736e-01 -9.105966e-06 7.041477e-06 -1.522943e-04 2.313404e-02
11 21 1.349622e+02 2.100505e+02 -1.501526e+01 5.999727e+01 1.017361e-02 3.823869e-02 3.785640e-02 9.985513e-01 1.270671e-05 4.314786e-06 1.175756e-04 6.945682e-02
11 21 1.350387e+02 2.100504e+02 -1.497697e+01 5.999726e+01 1.019376e-02 -3.834765e-02 3.783546e-02 9.985479e-01 -1.062267e-05 5.708884e-06 1.530026e-04 3.092690e-02
10 21 1.349622e+02 1.950488e+02 -1.501522e+01 4.500433e+01 -8.964615e-03 3.824291e-02 3.852898e-02 -9.985254e-01 1.381112e-05 3.077543e-06 -1.186673e-04 7.875149e-02
10 21 1.350387e+02 1.950488e+02 -1.497692e+01 4.500432e+01 -8.984667e-03 -3.836165e-02 3.850794e-02 -9.985217e-01 -1.170833e-05 4.355320e-06 -1.534926e-04 3.909472e-02
9 21 1.349622e+02 1.800472e+02 -1.501519e+01 3.001111e+01 8.133349e-03 3.825456e-02 3.919570e-02 9.984990e-01 1.443315e-05 1.705927e-06 1.194560e-04 8.586497e-02
9 21 1.350387e+02 1.800472e+02 -1.497688e+01 3.001110e+01 8.153320e-03 -3.838065e-02 3.917453e-02 9.984950e-01 -1.231091e-05 3.001733e-06 1.537923e-04 4.593040e-02
8 21 1.349621e+02 1.650456e+02 -1.501520e+01 1.501766e+01 -7.714293e-03 3.829542e-02 3.987683e-02 -9.984705e-01 1.423950e-05 4.537820e-07 -1.200538e-04 8.773190e-02
8 21 1.350387e+02 1.650456e+02 -1.497684e+01 1.501765e+01 -7.734017e-03 -3.842750e-02 3.985572e-02 -9.984663e-01 -1.210700e-05 1.451133e-06 -1.536442e-04 5.043812e-02
7 21 1.349620e+02 1.499553e+02 -1.501525e+01 -2.429207e-02 7.503535e-03 3.836203e-02 -4.048639e-02 9.984434e-01 1.353489e-05 1.163932e-06 1.211137e-04 8.863463e-02
7 21 1.350388e+02 1.499553e+02 -1.497682e+01 -2.428086e-02 7.522607e-03 -3.850828e-02 -4.046512e-02 9.984386e-01 -1.140161e-05 -5.561932e-08 1.527892e-04 5.390120e-02
6 21 1.349622e+02 1.349537e+02 -1.501518e+01 -1.501787e+01 -7.574219e-03 3.826052e-02 -3.982137e-02 -9.984740e-01 1.478729e-05 3.122757e-07 -1.204927e-04 9.418761e-02
6 21 1.350387e+02 1.349538e+02 -1.497686e+01 -1.501786e+01 -7.593790e-03 -3.839736e-02 -3.979973e-02 -9.984697e-01 -1.265636e-05 -2.044475e-06 -1.534961e-04 5.126835e-02
5 21 1.349622e+02 1.199522e+02 -1.501518e+01 -3.001134e+01 8.019364e-03 3.822267e-02 -3.916172e-02 9.985016e-01 1.488299e-05 -1.039064e-06 1.199125e-04 9.076244e-02
5 21 1.350387e+02 1.199522e+02 -1.497690e+01 -3.001133e+01 8.039132e-03 -3.835423e-02 -3.914012e-02 9.984974e-01 -1.276136e-05 -3.518536e-06 1.535499e-04 4.743632e-02
4 21 1.349622e+02 1.049506e+02 -1.501521e+01 -4.500462e+01 -8.843624e-03 3.821357e-02 -3.849658e-02 -9.985278e-01 1.425880e-05 -2.376556e-06 -1.191259e-04 8.316723e-02
4 21 1.350387e+02 1.049506e+02 -1.497694e+01 -4.500461e+01 -8.863481e-03 -3.833761e-02 -3.847508e-02 -9.985238e-01 -1.215059e-05 -4.901948e-06 -1.532710e-04 4.126609e-02
3 21 1.349622e+02 8.994889e+01 -1.501525e+01 -5.999760e+01 1.004275e-02 3.821702e-02 -3.782800e-02 9.985532e-01 1.309498e-05 -3.687870e-06 1.180392e-04 7.263547e-02
3 21 1.350387e+02 8.994891e+01 -1.497698e+01 -5.999759e+01 1.006271e-02 -3.833123e-02 -3.780665e-02 9.985496e-01 -1.101254e-05 -6.201459e-06 1.528020e-04 3.366903e-02
2 21 1.349622e+02 7.494709e+01 -1.501532e+01 -7.499022e+01 -1.158202e-02 3.823496e-02 -3.715625e-02 -9.985777e-01 1.141478e-05 -4.729488e-06 -1.167333e-04 5.931252e-02
2 21 1.350387e+02 7.494711e+01 -1.497704e+01 -7.499021e+01 -1.160205e-02 -3.833792e-02 -3.713495e-02 -9.985746e-01 -9.358059e-06 -7.473289e-06 -1.520982e-04 2.593088e-02
1 21 1.349622e+02 5.994509e+01 -1.501540e+01 -8.998244e+01 1.341794e-02 3.824950e-02 -3.648563e-02 9.986019e-01 9.444191e-06 -5.406806e-06 1.153110e-04 4.461061e-02
1 21 1.350387e+02 5.994511e+01 -1.497711e+01 -8.998243e+01 1.343801e-02 -3.834160e-02 -3.646425e-02 9.985992e-01 -7.418017e-06 -8.804108e-06 1.511644e-04 2.411570e-02
0 21 1.349626e+02 4.494829e+01 -1.501543e+01 -1.049733e+02 -2.252039e-02 3.795157e-02 -2.608711e-02 -9.989390e-01 -6.044972e-06 -3.761218e-06 -1.033872e-04 9.717292e-02
0 21 1.350384e+02 4.494831e+01 -1.497746e+01 -1.049733e+02 -2.254096e-02 -3.800859e-02 -2.606352e-02 -9.989374e-01 7.965591e-06 -7.208585e-06 -1.417731e-04 9.757016e-02
14 20 1.199622e+02 2.550509e+02 -3.001242e+01 1.049727e+02 2.219969e-02 3.770270e-02 2.612413e-02 9.989474e-01 -5.670497e-06 4.372157e-06 1.169506e-04 8.707275e-02
14 20 1.200381e+02 2.550508e+02 -2.997441e+01 1.049727e+02 2.221736e-02 -3.832703e-02 2.608065e-02 9.989249e-01 9.345590e-06 6.867138e-06 1.274806e-04 1.153075e-01
13 20 1.199619e+02 2.400541e+02 -3.001217e+01 8.998199e+01 -1.314799e-02 3.793793e-02 3.647355e-02 -9.986143e-01 1.026411e-05 6.489525e-06 -1.292200e-04 4.344595e-02
13 20 1.200383e+02 2.400541e+02 -2.997390e+01 8.998196e+01 -1.316538e-02 -3.862313e-02 3.643319e-02 -9.985895e-01 -6.359402e-06 7.914497e-06 -1.363546e-04 2.289840e-02
12 20 1.199618e+02 2.250522e+02 -3.001203e+01 7.498988e+01 1.128517e-02 3.792921e-02 3.714960e-02 9.985896e-01 1.216335e-05 5.897436e-06 1.308853e-04 5.524720e-02
12 20 1.200383e+02 2.250522e+02 -2.997375e+01 7.498985e+01 1.130245e-02 -3.863446e-02 3.710926e-02 9.985641e-01 -8.205216e-06 6.451791e-06 1.370681e-04 2.328448e-02
11 20 1.199618e+02 2.100504e+02 -3.001191e+01 5.999732e+01 -9.723649e-03 3.792260e-02 3.782399e-02 -9.985646e-01 1.371701e-05 4.939573e-06 -1.324414e-04 6.529471e-02
11 20 1.200383e+02 2.100504e+02 -2.997363e+01 5.999730e+01 -9.740761e-03 -3.864751e-02 3.778351e-02 -9.985383e-01 -9.710503e-06 5.060180e-06 -1.375275e-04 3.181385e-02
10 20 1.199618e+02 1.950488e+02 -3.001182e+01 4.500438e+01 8.511265e-03 3.792370e-02 3.849443e-02 9.985389e-01 1.482574e-05 3.666300e-06 1.337160e-04 7.342485e-02
10 20 1.200383e+02 1.950487e+02 -2.997353e+01 4.500436e+01 8.528220e-03 -3.866481e-02 3.845370e-02 9.985121e-01 -1.077960e-05 3.752856e-06 1.378304e-04 4.094673e-02
9 20 1.199618e+02 1.800472e+02 -3.001177e+01 3.001113e+01 -7.678607e-03 3.793301e-02 3.916026e-02 -9.985127e-01 1.545272e-05 2.370010e-06 -1.346186e-04 7.947324e-02
9 20 1.200383e+02 1.800471e+02 -2.997346e+01 3.001111e+01 -7.695444e-03 -3.868590e-02 3.911935e-02 -9.984854e-01 -1.137848e-05 2.319796e-06 -1.380107e-04 4.897336e-02
8 20 1.200383e+02 1.650456e+02 -2.997342e+01 1.501768e+01 7.288964e-03 -3.871272e-02 3.979908e-02 9.984575e-01 -1.137143e-05 9.111367e-07 1.379293e-04 5.478546e-02
8 20 1.199618e+02 1.650456e+02 -3.001175e+01 1.501770e+01 7.272274e-03 3.795263e-02 3.984008e-02 9.984850e-01 1.546622e-05 9.686368e-07 1.351508e-04 8.286803e-02
7 20 1.199617e+02 1.499553e+02 -3.001179e+01 -2.431491e-02 -7.065665e-03 3.801335e-02 -4.044901e-02 -9.984583e-01 1.482227e-05 6.615984e-07 -1.361861e-04 8.385556e-02
7 20 1.200384e+02 1.499553e+02 -2.997339e+01 -2.429517e-02 -7.081745e-03 -3.878766e-02 -4.040778e-02 -9.984301e-01 -1.072409e-05 4.601308e-07 -1.371042e-04 5.883504e-02
6 20 1.199618e+02 1.349538e+02 -3.001173e+01 -1.501788e+01 7.129285e-03 3.792131e-02 -3.978536e-02 9.984884e-01 1.597989e-05 -3.034823e-07 1.356360e-04 8.796917e-02
6 20 1.200383e+02 1.349538e+02 -2.997343e+01 -1.501786e+01 7.145776e-03 -3.868707e-02 -3.974391e-02 9.984607e-01 -1.188318e-05 -1.411660e-06 1.377368e-04 5.584131e-02
5 20 1.199618e+02 1.199522e+02 -3.001175e+01 -3.001137e+01 -7.562925e-03 3.790095e-02 -3.912551e-02 -9.985152e-01 1.590570e-05 -1.634491e-06 -1.351049e-04 8.393163e-02
5 20 1.200383e+02 1.199522e+02 -2.997348e+01 -3.001135e+01 -7.579534e-03 -3.865992e-02 -3.908416e-02 -9.984878e-01 -1.182693e-05 -2.899664e-06 -1.377378e-04 5.035412e-02
4 20 1.199618e+02 1.049506e+02 -3.001181e+01 -4.500465e+01 8.389923e-03 3.789385e-02 -3.846269e-02 9.985413e-01 1.527287e-05 -3.019891e-06 1.342037e-04 7.720688e-02
4 20 1.200383e+02 1.049506e+02 -2.997355e+01 -4.500463e+01 8.406656e-03 -3.864108e-02 -3.842156e-02 9.985142e-01 -1.122856e-05 -4.236304e-06 1.375777e-04 4.345527e-02
3 20 1.199618e+02 8.994891e+01 -3.001190e+01 -5.999766e+01 -9.591367e-03 3.790052e-02 -3.779496e-02 -9.985665e-01 1.410706e-05 -4.231317e-06 -1.329322e-04 6.813353e-02
3 20 1.200383e+02 8.994895e+01 -2.997364e+01 -5.999764e+01 -9.608269e-03 -3.863142e-02 -3.775404e-02 -9.985400e-01 -1.009624e-05 -5.598155e-06 -1.372947e-04 3.484284e-02
2 20 1.199618e+02 7.494713e+01 -3.001202e+01 -7.499027e+01 1.113536e-02 3.792226e-02 -3.712514e-02 9.985908e-01 1.242166e-05 -5.316334e-06 1.313849e-04 5.641078e-02
2 20 1.200383e+02 7.494717e+01 -2.997375e+01 -7.499025e+01 1.115243e-02 -3.863375e-02 -3.708444e-02 9.985651e-01 -8.458534e-06 -6.848558e-06 1.368424e-04 2.637285e-02
1 20 1.199618e+02 5.994512e+01 -3.001217e+01 -8.998252e+01 -1.297549e-02 3.794147e-02 -3.645570e-02 -9.986147e-01 1.044588e-05 -5.921479e-06 -1.296948e-04 4.333269e-02
1 20 1.200383e+02 5.994516e+01 -2.997389e+01 -8.998250e+01 -1.299269e-02 -3.863259e-02 -3.641501e-02 -9.985898e-01 -6.535119e-06 -8.244673e-06 -1.361851e-04 2.570995e-02
0 20 1.199622e+02 4.494831e+01 -3.001240e+01 -1.049734e+02 2.206889e-02 3.766154e-02 -2.609450e-02 9.989498e-01 -5.073434e-06 -4.137795e-06 1.170931e-04 8.164695e-02
0 20 1.200381e+02 4.494836e+01 -2.997443e+01 -1.049734e+02 2.208658e-02 -3.828762e-02 -2.605103e-02 9.989271e-01 8.756348e-06 -6.800517e-06 1.276056e-04 1.105610e-01
14 19 1.049618e+02 2.550508e+02 -4.500922e+01 1.049729e+02 -2.145285e-02 3.739934e-02 2.613132e-02 -9.989587e-01 -4.660048e-06 4.804690e-06 -1.309492e-04 7.384419e-02
14 19 1.050377e+02 2.550508e+02 -4.497123e+01 1.049728e+02 -2.146753e-02 -3.860897e-02 2.606732e-02 -9.989144e-01 1.011683e-05 6.399051e-06 -1.127204e-04 1.323564e-01
13 19 1.049615e+02 2.400541e+02 -4.500876e+01 8.998212e+01 1.241623e-02 3.761403e-02 3.641859e-02 9.986285e-01 1.128361e-05 6.986473e-06 1.438598e-04 4.233808e-02
13 19 1.050379e+02 2.400540e+02 -4.497050e+01 8.998209e+01 1.243064e-02 -3.891621e-02 3.635842e-02 9.985808e-01 -5.468161e-06 7.350756e-06 1.207384e-04 2.518402e-02
12 19 1.049615e+02 2.250521e+02 -4.500854e+01 7.498997e+01 -1.054607e-02 3.760113e-02 3.709249e-02 -9.986042e-01 1.318372e-05 6.540879e-06 -1.457829e-04 5.309911e-02
12 19 1.050379e+02 2.250521e+02 -4.497028e+01 7.498994e+01 -1.056029e-02 -3.893253e-02 3.703232e-02 -9.985554e-01 -7.292016e-06 5.761321e-06 -1.211836e-04 2.353071e-02
11 19 1.049614e+02 2.100504e+02 -4.500836e+01 5.999741e+01 8.978060e-03 3.759066e-02 3.776408e-02 9.985794e-01 1.474003e-05 5.487851e-06 1.475744e-04 6.196638e-02
11 19 1.050379e+02 2.100503e+02 -4.497010e+01 5.999738e+01 8.992021e-03 -3.894952e-02 3.770359e-02 9.985296e-01 -8.779918e-06 4.464701e-06 1.213982e-04 3.321624e-02
10 19 1.049614e+02 1.950487e+02 -4.500823e+01 4.500444e+01 -7.762181e-03 3.758853e-02 3.843279e-02 -9.985540e-01 1.585340e-05 4.326469e-06 -1.490174e-04 6.910143e-02
10 19 1.050379e+02 1.950487e+02 -4.496996e+01 4.500441e+01 -7.775919e-03 -3.896987e-02 3.837203e-02 -9.985033e-01 -9.839706e-06 3.035097e-06 -1.215156e-04 4.392179e-02
9 19 1.049614e+02 1.800471e+02 -4.500815e+01 3.001118e+01 6.926426e-03 3.759589e-02 3.909553e-02 9.985279e-01 1.648671e-05 2.954406e-06 1.500286e-04 7.453341e-02
9 19 1.050379e+02 1.800471e+02 -4.496986e+01 3.001115e+01 6.940015e-03 -3.899309e-02 3.903446e-02 9.984767e-01 -1.043390e-05 1.681685e-06 1.215796e-04 5.302182e-02
8 19 1.049614e+02 1.650456e+02 -4.500811e+01 1.501771e+01 -6.523860e-03 3.760976e-02 3.977420e-02 -9.985006e-01 1.653892e-05 1.652261e-06 -1.505833e-04 7.747007e-02
8 19 1.050379e+02 1.650455e+02 -4.496980e+01 1.501768e+01 -6.537317e-03 -3.901656e-02 3.971308e-02 -9.984491e-01 -1.046011e-05 2.016639e-07 -1.214755e-04 6.042269e-02
7 19 1.049613e+02 1.499553e+02 -4.500813e+01 -2.431175e-02 6.327386e-03 3.765580e-02 -4.038211e-02 9.984745e-01 1.604778e-05 3.012843e-08 1.515369e-04 7.918079e-02
7 19 1.050379e+02 1.499554e+02 -4.496977e+01 -2.428346e-02 6.340304e-03 -3.907583e-02 -4.032069e-02 9.984224e-01 -9.962712e-06 1.114738e-06 1.207358e-04 6.582150e-02
6 19 1.049614e+02 1.349538e+02 -4.500809e+01 -1.501792e+01 -6.377707e-03 3.757784e-02 -3.971852e-02 -9.985040e-01 1.705584e-05 -8.809899e-07 -1.510863e-04 8.229802e-02
6 19 1.050378e+02 1.349538e+02 -4.496981e+01 -1.501789e+01 -6.390950e-03 -3.899060e-02 -3.965687e-02 -9.984523e-01 -1.097638e-05 -7.984459e-07 -1.212658e-04 6.106704e-02
5 19 1.049614e+02 1.199522e+02 -4.500813e+01 -3.001141e+01 6.809092e-03 3.756350e-02 -3.906153e-02 9.985305e-01 1.693023e-05 -2.310271e-06 1.505479e-04 7.823885e-02
5 19 1.050378e+02 1.199523e+02 -4.496987e+01 -3.001138e+01 6.822422e-03 -3.896760e-02 -3.900011e-02 9.984791e-01 -1.087648e-05 -2.182142e-06 1.212768e-04 5.470354e-02
4 19 1.049614e+02 1.049506e+02 -4.500821e+01 -4.500473e+01 -7.638182e-03 3.755856e-02 -3.840034e-02 -9.985563e-01 1.629916e-05 -3.587971e-06 -1.495378e-04 7.254424e-02
4 19 1.050378e+02 1.049507e+02 -4.496997e+01 -4.500470e+01 -7.651675e-03 -3.894671e-02 -3.833915e-02 -9.985055e-01 -1.028246e-05 -3.623288e-06 -1.212325e-04 4.643459e-02
3 19 1.049614e+02 8.994897e+01 -4.500835e+01 -5.999773e+01 8.844750e-03 3.756800e-02 -3.773564e-02 9.985813e-01 1.513086e-05 -4.881115e-06 1.480904e-04 6.445710e-02
3 19 1.050378e+02 8.994903e+01 -4.497010e+01 -5.999770e+01 8.858474e-03 -3.893378e-02 -3.767481e-02 9.985313e-01 -9.166668e-06 -4.893312e-06 1.211334e-04 3.663818e-02
2 19 1.049615e+02 7.494718e+01 -4.500853e+01 -7.499039e+01 -1.039457e-02 3.759345e-02 -3.706766e-02 -9.986054e-01 1.344588e-05 -5.832820e-06 -1.463123e-04 5.408835e-02
2 19 1.050379e+02 7.494724e+01 -4.497028e+01 -7.499036e+01 -1.040857e-02 -3.893197e-02 -3.700705e-02 -9.985564e-01 -7.545428e-06 -6.270941e-06 -1.209246e-04 2.757584e-02
1 19 1.049615e+02 5.994520e+01 -4.500876e+01 -8.998264e+01 1.224244e-02 3.761659e-02 -3.640090e-02 9.986290e-01 1.146918e-05 -6.548496e-06 1.443613e-04 4.253808e-02
1 19 1.050379e+02 5.994526e+01 -4.497049e+01 -8.998260e+01 1.225666e-02 -3.892590e-02 -3.634049e-02 9.985811e-01 -5.643851e-06 -7.556333e-06 1.205380e-04 2.733805e-02
0 19 1.049618e+02 4.494835e+01 -4.500920e+01 -1.049735e+02 -2.131875e-02 3.735862e-02 -2.609930e-02 -9.989610e-01 -4.071137e-06 -4.479349e-06 -1.311263e-04 6.896499e-02
0 19 1.050377e+02 4.494841e+01 -4.497124e+01 -1.049735e+02 -2.133342e-02 -3.857097e-02 -2.603527e-02 -9.989166e-01 9.539439e-06 -6.435277e-06 -1.128065e-04 1.273173e-01
0 15 4.496242e+01 4.494972e+01 -1.049937e+02 -1.049780e+02 1.182310e-03 2.820177e-02 -2.461208e-02 -9.992992e-01 -3.466015e-05 -3.659225e-06 -1.024609e-04 3.699918e-01
0 15 4.503781e+01 4.494991e+01 -1.049559e+02 -1.049778e+02 8.149310e-04 -4.726620e-02 -2.447486e-02 -9.985824e-01 4.389949e-05 -6.297137e-06 -1.123376e-04 4.470751e-01
14 18 8.996142e+01 2.550508e+02 -6.000577e+01 1.049731e+02 2.039652e-02 3.707767e-02 2.613867e-02 9.989704e-01 -3.600390e-06 5.123205e-06 1.455205e-04 6.254484e-02
14 18 9.003730e+01 2.550507e+02 -5.996778e+01 1.049730e+02 2.040797e-02 -3.889774e-02 2.605310e-02 9.989035e-01 1.087659e-05 6.045049e-06 9.709023e-05 1.557596e-01
1 15 4.496205e+01 5.994715e+01 -1.049921e+02 -8.998606e+01 -9.663573e-03 2.815556e-02 -3.381591e-02 9.990314e-01 -2.207314e-05 -6.476668e-06 1.154824e-04 2.213648e-01
1 15 4.503794e+01 5.994732e+01 -1.049541e+02 -8.998595e+01 -9.286162e-03 -4.782414e-02 -3.368177e-02 9.982877e-01 3.222587e-05 -5.973214e-06 1.160306e-04 3.301591e-01
2 15 4.496204e+01 7.494909e+01 -1.049916e+02 -7.499303e+01 1.163874e-02 2.800835e-02 -3.444098e-02 -9.990142e-01 -2.106588e-05 -4.336435e-06 -1.167758e-04 2.093661e-01
2 15 4.503792e+01 7.494925e+01 -1.049536e+02 -7.499294e+01 1.125656e-02 -4.796582e-02 -3.430580e-02 -9.982597e-01 3.123923e-05 -6.097810e-06 -1.163772e-04 3.207706e-01
13 18 8.996109e+01 2.400540e+02 -6.000507e+01 8.998228e+01 -1.138215e-02 3.726798e-02 3.633842e-02 -9.986444e-01 1.233026e-05 7.632218e-06 -1.590262e-04 4.167779e-02
13 18 9.003747e+01 2.400539e+02 -5.996683e+01 8.998224e+01 -1.139339e-02 -3.921530e-02 3.625786e-02 -9.985728e-01 -4.558871e-06 6.621368e-06 -1.042040e-04 2.750259e-02
12 18 8.996106e+01 2.250521e+02 -6.000477e+01 7.499012e+01 9.500669e-03 3.725168e-02 3.700886e-02 9.986204e-01 1.422442e-05 7.040383e-06 1.612012e-04 5.113981e-02
12 18 9.003745e+01 2.250520e+02 -5.996653e+01 7.499008e+01 9.511619e-03 -3.923636e-02 3.692813e-02 9.985474e-01 -6.361390e-06 5.182130e-06 1.043837e-04 2.497664e-02
3 15 4.496204e+01 8.995083e+01 -1.049911e+02 -5.999969e+01 -1.325893e-02 2.788003e-02 -3.506885e-02 9.989960e-01 -2.012513e-05 -4.479892e-06 1.180080e-04 1.992769e-01
3 15 4.503790e+01 8.995098e+01 -1.049531e+02 -5.999960e+01 -1.287331e-02 -4.807032e-02 -3.493449e-02 9.982328e-01 3.033269e-05 -3.649044e-06 1.165438e-04 3.121995e-01
4 15 4.496202e+01 1.049524e+02 -1.049908e+02 -4.500605e+01 1.448934e-02 2.779406e-02 -3.569873e-02 -9.989760e-01 -1.952199e-05 -2.046123e-06 -1.190519e-04 1.935646e-01
4 15 4.503788e+01 1.049526e+02 -1.049528e+02 -4.500597e+01 1.410109e-02 -4.815606e-02 -3.556323e-02 -9.982065e-01 2.975519e-05 -3.571456e-06 -1.165770e-04 3.071552e-01
11 18 8.996103e+01 2.100503e+02 -6.000453e+01 5.999751e+01 -7.925200e-03 3.723688e-02 3.767782e-02 -9.985959e-01 1.578481e-05 6.168346e-06 -1.632018e-04 5.917475e-02
11 18 9.003743e+01 2.100502e+02 -5.996629e+01 5.999747e+01 -7.935802e-03 -3.925629e-02 3.759685e-02 -9.985216e-01 -7.842521e-06 3.693631e-06 -1.043714e-04 3.577294e-02
10 18 8.996100e+01 1.950486e+02 -6.000435e+01 4.500453e+01 6.702848e-03 3.723184e-02 3.834266e-02 9.985708e-01 1.690268e-05 4.907625e-06 1.648094e-04 6.557546e-02
10 18 9.003741e+01 1.950486e+02 -5.996610e+01 4.500449e+01 6.713171e-03 -3.927923e-02 3.826128e-02 9.984955e-01 -8.890067e-06 2.386637e-06 1.043185e-04 4.826407e-02
5 15 4.496200e+01 1.199540e+02 -1.049906e+02 -3.001216e+01 -1.530115e-02 2.774777e-02 -3.632908e-02 9.989546e-01 -1.928578e-05 -1.963722e-06 1.197137e-04 1.907729e-01
5 15 4.503789e+01 1.199541e+02 -1.049526e+02 -3.001209e+01 -1.491118e-02 -4.822458e-02 -3.619425e-02 9.981805e-01 2.954411e-05 -1.045981e-06 1.166274e-04 3.066714e-01
6 15 4.496199e+01 1.349554e+02 -1.049905e+02 -1.501814e+01 1.567483e-02 2.773788e-02 -3.696292e-02 -9.989316e-01 -1.940148e-05 5.726624e-07 -1.199985e-04 1.949977e-01
6 15 4.503790e+01 1.349556e+02 -1.049525e+02 -1.501807e+01 1.528388e-02 -4.826883e-02 -3.682699e-02 -9.981552e-01 2.966600e-05 -8.696168e-07 -1.166526e-04 3.079557e-01
9 18 8.996097e+01 1.800470e+02 -6.000423e+01 3.001122e+01 -5.864327e-03 3.723706e-02 3.900299e-02 -9.985451e-01 1.752922e-05 3.670828e-06 -1.659186e-04 7.016508e-02
9 18 9.003741e+01 1.800470e+02 -5.996597e+01 3.001119e+01 -5.874462e-03 -3.930422e-02 3.892133e-02 -9.984690e-01 -9.469217e-06 9.243761e-07 -1.042735e-04 5.946564e-02
8 18 8.996094e+01 1.650455e+02 -6.000418e+01 1.501775e+01 5.459922e-03 3.725002e-02 3.967760e-02 9.985180e-01 1.758645e-05 2.269469e-06 1.665162e-04 7.289412e-02
8 18 9.003742e+01 1.650454e+02 -5.996590e+01 1.501771e+01 5.469920e-03 -3.932863e-02 3.959582e-02 9.984415e-01 -9.499114e-06 -4.592671e-07 1.041216e-04 6.791392e-02
7 15 4.496196e+01 1.499569e+02 -1.049905e+02 -2.407556e-02 -1.558746e-02 2.775828e-02 -3.761124e-02 9.989069e-01 -1.987756e-05 7.242858e-07 1.199172e-04 1.994769e-01
7 15 4.503792e+01 1.499570e+02 -1.049525e+02 -2.401620e-02 -1.519659e-02 -4.828786e-02 -3.747626e-02 9.981301e-01 3.013925e-05 1.721748e-06 1.165976e-04 3.155456e-01
7 18 8.996090e+01 1.499554e+02 -6.000418e+01 -2.432579e-02 -5.277996e-03 3.727374e-02 -4.028388e-02 -9.984928e-01 1.732539e-05 -4.614815e-07 -1.673236e-04 7.594551e-02
7 18 9.003743e+01 1.499554e+02 -5.996587e+01 -2.428870e-02 -5.287564e-03 -3.936386e-02 -4.020171e-02 -9.984159e-01 -9.225922e-06 1.634953e-06 -1.035321e-04 7.480994e-02
8 15 4.496195e+01 1.650440e+02 -1.049905e+02 1.501810e+01 1.543834e-02 2.777921e-02 3.703030e-02 -9.989280e-01 -1.997812e-05 1.005231e-06 -1.198329e-04 1.975878e-01
8 15 4.503793e+01 1.650439e+02 -1.049525e+02 1.501804e+01 1.504753e-02 -4.829061e-02 3.689557e-02 -9.981517e-01 3.023172e-05 -6.653102e-07 -1.165042e-04 3.149742e-01
6 18 8.996096e+01 1.349539e+02 -6.000415e+01 -1.501793e+01 5.311428e-03 3.721811e-02 -3.962274e-02 9.985213e-01 1.810384e-05 -1.607208e-06 1.670306e-04 7.696538e-02
6 18 9.003738e+01 1.349539e+02 -5.996590e+01 -1.501789e+01 5.321194e-03 -3.930330e-02 -3.954051e-02 9.984447e-01 -1.001126e-05 -3.707103e-08 1.039012e-04 6.903659e-02
9 15 4.496198e+01 1.800455e+02 -1.049906e+02 3.001208e+01 -1.510383e-02 2.778848e-02 3.637571e-02 9.989517e-01 -1.979741e-05 1.158471e-06 1.195035e-04 1.962545e-01
9 15 4.503792e+01 1.800453e+02 -1.049526e+02 3.001200e+01 -1.471378e-02 -4.824499e-02 3.624010e-02 9.981779e-01 3.003507e-05 1.885731e-06 1.165887e-04 3.104612e-01
5 18 8.996099e+01 1.199523e+02 -6.000421e+01 -3.001147e+01 -5.743324e-03 3.720493e-02 -3.896807e-02 -9.985476e-01 1.797632e-05 -2.907472e-06 -1.664637e-04 7.368209e-02
5 18 9.003737e+01 1.199524e+02 -5.996597e+01 -3.001143e+01 -5.753183e-03 -3.927958e-02 -3.888601e-02 -9.984713e-01 -9.912005e-06 -1.539413e-06 -1.039473e-04 6.081203e-02
10 15 4.496200e+01 1.950470e+02 -1.049908e+02 4.500589e+01 1.430094e-02 2.783073e-02 3.573910e-02 -9.989735e-01 -2.001411e-05 3.647505e-06 -1.187927e-04 1.972338e-01
10 15 4.503791e+01 1.950468e+02 -1.049528e+02 4.500581e+01 1.391269e-02 -4.817578e-02 3.560467e-02 -9.982041e-01 3.023076e-05 2.037290e-06 -1.165830e-04 3.119820e-01
4 18 8.996102e+01 1.049507e+02 -6.000433e+01 -4.500480e+01 6.576759e-03 3.720162e-02 -3.831079e-02 9.985731e-01 1.734490e-05 -4.281095e-06 1.653535e-04 6.851409e-02
4 18 9.003738e+01 1.049508e+02 -5.996610e+01 -4.500475e+01 6.586812e-03 -3.925668e-02 -3.822908e-02 9.984976e-01 -9.326725e-06 -2.874440e-06 1.040123e-04 5.128625e-02
11 15 4.496202e+01 2.100486e+02 -1.049912e+02 5.999948e+01 -1.307475e-02 2.791203e-02 3.510335e-02 9.989938e-01 -2.057928e-05 3.652267e-06 1.177746e-04 2.036099e-01
11 15 4.503792e+01 2.100484e+02 -1.049532e+02 5.999939e+01 -1.268906e-02 -4.808443e-02 3.496825e-02 9.982310e-01 3.076116e-05 4.554839e-06 1.165131e-04 3.159949e-01
3 18 8.996104e+01 8.994905e+01 -6.000451e+01 -5.999784e+01 -7.789006e-03 3.721390e-02 -3.764868e-02 -9.985979e-01 1.617751e-05 -5.433731e-06 -1.637468e-04 6.144245e-02
3 18 9.003740e+01 8.994913e+01 -5.996629e+01 -5.999781e+01 -7.799362e-03 -3.924089e-02 -3.756727e-02 -9.985234e-01 -8.224236e-06 -4.295431e-06 -1.040856e-04 3.972002e-02
12 15 4.496203e+01 2.250503e+02 -1.049916e+02 7.499274e+01 1.145133e-02 2.802986e-02 3.446788e-02 -9.990126e-01 -2.143729e-05 5.976043e-06 -1.164882e-04 2.136190e-01
12 15 4.503794e+01 2.250501e+02 -1.049536e+02 7.499264e+01 1.106923e-02 -4.797230e-02 3.433391e-02 -9.982584e-01 3.158910e-05 4.581883e-06 -1.163933e-04 3.234724e-01
2 18 8.996106e+01 7.494729e+01 -6.000476e+01 -7.499051e+01 9.348158e-03 3.724254e-02 -3.698435e-02 9.986216e-01 1.449747e-05 -6.516351e-06 1.617473e-04 5.221635e-02
2 18 9.003743e+01 7.494737e+01 -5.996653e+01 -7.499047e+01 9.358874e-03 -3.923528e-02 -3.690333e-02 9.985483e-01 -6.622741e-06 -5.513001e-06 1.041089e-04 2.898280e-02
13 15 4.496205e+01 2.400522e+02 -1.049921e+02 8.998566e+01 -9.464337e-03 2.816928e-02 3.383415e-02 9.990304e-01 -2.238699e-05 5.529254e-06 1.151795e-04 2.240160e-01
13 15 4.503795e+01 2.400520e+02 -1.049541e+02 8.998555e+01 -9.086951e-03 -4.782106e-02 3.369921e-02 9.982873e-01 3.250843e-05 7.105090e-06 1.160413e-04 3.332128e-01
1 18 8.996107e+01 5.994530e+01 -6.000506e+01 -8.998280e+01 -1.120682e-02 3.726900e-02 -3.632046e-02 -9.986450e-01 1.252970e-05 -7.016491e-06 -1.595614e-04 4.173059e-02
1 18 9.003747e+01 5.994538e+01 -5.996682e+01 -8.998277e+01 -1.121788e-02 -3.922452e-02 -3.623954e-02 -9.985731e-01 -4.744506e-06 -7.003921e-06 -1.039711e-04 3.159701e-02
14 15 4.496239e+01 2.550495e+02 -1.049937e+02 1.049774e+02 1.019519e-03 2.824698e-02 2.464086e-02 -9.992972e-01 -3.523659e-05 5.191709e-06 -1.022497e-04 3.771270e-01
14 15 4.503785e+01 2.550493e+02 -1.049560e+02 1.049772e+02 6.519970e-04 -4.729747e-02 2.450463e-02 -9.985802e-01 4.444983e-05 5.027170e-06 -1.123015e-04 4.517650e-01
0 18 8.996146e+01 4.494842e+01 -6.000574e+01 -1.049737e+02 2.025980e-02 3.703723e-02 -2.610872e-02 9.989728e-01 -3.018401e-06 -4.951089e-06 1.457337e-04 5.833700e-02
0 18 9.003726e+01 4.494851e+01 -5.996779e+01 -1.049737e+02 2.027120e-02 -3.886131e-02 -2.602327e-02 9.989057e-01 1.030873e-05 -5.913942e-06 9.713937e-05 1.496193e-01
0 16 5.996060e+01 4.494867e+01 -8.999771e+01 -1.049743e+02 1.719273e-02 3.635694e-02 -2.614918e-02 9.989967e-01 -6.004507e-07 -6.072483e-06 1.783454e-04 4.052290e-02
0 16 6.003631e+01 4.494881e+01 -8.995982e+01 -1.049742e+02 1.719457e-02 -3.944177e-02 -2.601687e-02 9.988831e-01 1.168140e-05 -4.809795e-06 6.162513e-05 2.362962e-01
14 17 7.496102e+01 2.550506e+02 -7.500198e+01 1.049733e+02 -1.901511e-02 3.673320e-02 2.615448e-02 -9.989828e-01 -2.496943e-06 5.704416e-06 -1.609352e-04 5.310874e-02
14 17 7.503686e+01 2.550505e+02 -7.496401e+01 1.049733e+02 -1.902295e-02 -3.919644e-02 2.604633e-02 -9.988920e-01 1.162742e-05 5.417655e-06 -8.031957e-05 1.894513e-01
1 16 5.996022e+01 5.994568e+01 -8.999643e+01 -8.998325e+01 -8.199563e-03 3.652282e-02 -3.608355e-02 -9.986812e-01 1.487945e-05 -8.419528e-06 -1.931490e-04 4.098411e-02
1 16 6.003647e+01 5.994580e+01 -8.995826e+01 -8.998318e+01 -8.201519e-03 -3.982271e-02 -3.595908e-02 -9.985595e-01 -2.995220e-06 -5.463113e-06 -6.655558e-05 4.616662e-02
13 17 7.496068e+01 2.400538e+02 -7.500099e+01 8.998249e+01 1.002776e-02 3.689551e-02 3.623228e-02 9.986621e-01 1.339549e-05 8.163109e-06 1.749973e-04 4.076544e-02
13 17 7.503700e+01 2.400537e+02 -7.496279e+01 8.998244e+01 1.003553e-02 -3.952461e-02 3.613039e-02 9.985652e-01 -3.617461e-06 5.990710e-06 8.647086e-05 3.305952e-02
2 16 5.996018e+01 7.494763e+01 -8.999596e+01 -7.499088e+01 6.303596e-03 3.649225e-02 -3.674071e-02 9.986583e-01 1.680246e-05 -7.945571e-06 1.957695e-04 4.923291e-02
2 16 6.003642e+01 7.494776e+01 -8.995780e+01 -7.499081e+01 6.305009e-03 -3.984315e-02 -3.661636e-02 9.985348e-01 -4.822498e-06 -3.951649e-06 6.623439e-05 3.994165e-02
12 17 7.496064e+01 2.250519e+02 -7.500062e+01 7.499028e+01 -8.132067e-03 3.687653e-02 3.689929e-02 -9.986383e-01 1.527669e-05 7.785370e-06 -1.774084e-04 4.945695e-02
12 17 7.503697e+01 2.250518e+02 -7.496241e+01 7.499023e+01 -8.139414e-03 -3.955003e-02 3.679742e-02 -9.985398e-01 -5.398101e-06 4.338798e-06 -8.639726e-05 2.637995e-02
3 16 5.996016e+01 8.994937e+01 -8.999557e+01 -5.999812e+01 -4.715885e-03 3.645807e-02 -3.739735e-02 -9.986352e-01 1.846316e-05 -6.842869e-06 -1.981114e-04 5.654076e-02
3 16 6.003637e+01 8.994949e+01 -8.995743e+01 -5.999806e+01 -4.716779e-03 -3.985505e-02 -3.727273e-02 -9.985101e-01 -6.393322e-06 -2.749733e-06 -6.583825e-05 5.708694e-02
11 17 7.496061e+01 2.100502e+02 -7.500031e+01 5.999765e+01 6.545922e-03 3.685740e-02 3.756387e-02 9.986143e-01 1.684605e-05 6.722698e-06 1.796018e-04 5.665299e-02
11 17 7.503694e+01 2.100501e+02 -7.496210e+01 5.999760e+01 6.552839e-03 -3.957145e-02 3.746162e-02 9.985142e-01 -6.879130e-06 3.051629e-06 8.617988e-05 4.009913e-02
4 16 5.996013e+01 1.049510e+02 -8.999529e+01 -4.500499e+01 3.482553e-03 3.644070e-02 -3.805144e-02 9.986111e-01 1.962118e-05 -5.735301e-06 1.999655e-04 6.211542e-02
4 16 6.003635e+01 1.049511e+02 -8.995714e+01 -4.500492e+01 3.483043e-03 -3.987544e-02 -3.792663e-02 9.984846e-01 -7.477421e-06 -1.294523e-06 6.549057e-05 7.612014e-02
10 17 7.496058e+01 1.950485e+02 -7.500008e+01 4.500461e+01 -5.316430e-03 3.684916e-02 3.822542e-02 -9.985895e-01 1.796449e-05 5.638152e-06 -1.813484e-04 6.232765e-02
10 17 7.503692e+01 1.950484e+02 -7.496186e+01 4.500456e+01 -5.322999e-03 -3.959612e-02 3.812288e-02 -9.984882e-01 -7.921042e-06 1.590711e-06 -8.597394e-05 5.587077e-02
5 16 5.996010e+01 1.199526e+02 -8.999510e+01 -3.001157e+01 -2.635677e-03 3.644016e-02 -3.870037e-02 -9.985862e-01 2.024711e-05 -4.400010e-06 -2.012226e-04 6.608917e-02
5 16 6.003634e+01 1.199527e+02 -8.995693e+01 -3.001151e+01 -2.635931e-03 -3.990128e-02 -3.857527e-02 -9.984587e-01 -8.051493e-06 5.113990e-08 -6.526143e-05 9.192956e-02
9 17 7.503692e+01 1.800468e+02 -7.496169e+01 3.001124e+01 4.478598e-03 -3.962257e-02 3.877813e-02 9.984620e-01 -8.490655e-06 2.420321e-07 8.583061e-05 6.915123e-02
9 17 7.496055e+01 1.800469e+02 -7.499992e+01 3.001129e+01 4.472242e-03 3.685258e-02 3.888103e-02 9.985641e-01 1.859124e-05 4.298500e-06 1.825465e-04 6.649782e-02
6 16 5.996007e+01 1.349541e+02 -8.999500e+01 -1.501794e+01 2.197419e-03 3.645113e-02 -3.934688e-02 9.985605e-01 2.037518e-05 -3.147077e-06 2.018127e-04 6.850402e-02
6 16 6.003635e+01 1.349542e+02 -8.995682e+01 -1.501789e+01 2.197606e-03 -3.992615e-02 -3.922164e-02 9.984326e-01 -8.150250e-06 1.536504e-06 6.518956e-05 1.054746e-01
8 17 7.496052e+01 1.650454e+02 -7.499986e+01 1.501775e+01 -4.066663e-03 3.686464e-02 3.955258e-02 -9.985372e-01 1.865205e-05 3.035995e-06 -1.831762e-04 6.865560e-02
8 17 7.503693e+01 1.650453e+02 -7.496161e+01 1.501770e+01 -4.072868e-03 -3.964779e-02 3.944967e-02 -9.984347e-01 -8.521789e-06 -1.262358e-06 -8.564302e-05 8.059187e-02
7 16 5.996004e+01 1.499556e+02 -8.999502e+01 -2.426910e-02 -2.181414e-03 3.648398e-02 -4.000102e-02 -9.985334e-01 1.984056e-05 -1.796385e-06 -2.018227e-04 6.900510e-02
7 16 6.003638e+01 1.499557e+02 -8.995679e+01 -2.421339e-02 -2.181627e-03 -3.996114e-02 -3.987580e-02 -9.984052e-01 -7.612912e-06 2.979782e-06 -6.511160e-05 1.149994e-01
7 17 7.496049e+01 1.499554e+02 -7.499984e+01 -2.430042e-02 3.895583e-03 3.687054e-02 -4.015619e-02 9.985129e-01 1.857164e-05 -1.125073e-06 1.838278e-04 7.241895e-02
7 17 7.503693e+01 1.499555e+02 -7.496158e+01 -2.425451e-02 3.901468e-03 -3.966371e-02 -4.005286e-02 9.984100e-01 -8.433460e-06 2.325903e-06 8.521427e-05 8.963079e-02
8 16 5.996005e+01 1.650453e+02 -8.999505e+01 1.501776e+01 2.348994e-03 3.648274e-02 3.940055e-02 9.985573e-01 1.985240e-05 3.756483e-06 2.013873e-04 6.523362e-02
8 16 6.003639e+01 1.650452e+02 -8.995683e+01 1.501771e+01 2.349390e-03 -3.995301e-02 3.927574e-02 9.984294e-01 -7.635775e-06 -1.984796e-06 6.532243e-05 1.035872e-01
6 17 7.496054e+01 1.349539e+02 -7.499982e+01 -1.501795e+01 -3.913785e-03 3.683313e-02 -3.949672e-02 -9.985406e-01 1.916361e-05 -2.258614e-06 -1.836785e-04 7.252357e-02
6 17 7.503689e+01 1.349540e+02 -7.496160e+01 -1.501790e+01 -3.919765e-03 -3.962281e-02 -3.939328e-02 -9.984379e-01 -9.029482e-06 6.509194e-07 -8.543296e-05 8.088089e-02
9 16 5.996008e+01 1.800468e+02 -8.999513e+01 3.001133e+01 -2.760999e-03 3.647196e-02 3.873495e-02 -9.985837e-01 1.979571e-05 5.103526e-06 -2.007408e-04 6.328772e-02
9 16 6.003638e+01 1.800467e+02 -8.995694e+01 3.001127e+01 -2.761521e-03 -3.992673e-02 3.861014e-02 -9.984564e-01 -7.611445e-06 -5.907400e-07 -6.553143e-05 8.960316e-02
5 17 7.496056e+01 1.199524e+02 -7.499990e+01 -3.001151e+01 4.348466e-03 3.682057e-02 -3.884683e-02 9.985666e-01 1.904224e-05 -3.660760e-06 1.830902e-04 6.950120e-02
5 17 7.503688e+01 1.199525e+02 -7.496169e+01 -3.001146e+01 4.354536e-03 -3.959845e-02 -3.874364e-02 9.984643e-01 -8.937671e-06 -7.325183e-07 8.550873e-05 7.134239e-02
10 16 5.996011e+01 1.950484e+02 -8.999532e+01 4.500472e+01 3.613615e-03 3.647089e-02 3.808293e-02 9.986088e-01 1.917134e-05 6.302498e-06 1.994811e-04 5.971339e-02
10 16 6.003638e+01 1.950482e+02 -8.995714e+01 4.500466e+01 3.614352e-03 -3.989838e-02 3.795834e-02 9.984825e-01 -7.042031e-06 8.782034e-07 6.573884e-05 7.129148e-02
4 17 7.496059e+01 1.049508e+02 -7.500005e+01 -4.500489e+01 -5.186300e-03 3.681921e-02 -3.819274e-02 -9.985918e-01 1.840675e-05 -4.889056e-06 -1.818959e-04 6.507335e-02
4 17 7.503689e+01 1.049509e+02 -7.496186e+01 -4.500484e+01 -5.192604e-03 -3.957421e-02 -3.808981e-02 -9.984904e-01 -8.352144e-06 -2.200278e-06 -8.566611e-05 5.896542e-02
11 16 5.996015e+01 2.100500e+02 -8.999561e+01 5.999779e+01 -4.856030e-03 3.648294e-02 3.742627e-02 -9.986332e-01 1.804825e-05 7.542349e-06 -1.976260e-04 5.457413e-02
11 16 6.003640e+01 2.100499e+02 -8.995744e+01 5.999773e+01 -4.857135e-03 -3.987234e-02 3.730201e-02 -9.985083e-01 -5.994044e-06 2.196374e-06 -6.606722e-05 5.075558e-02
3 17 7.496062e+01 8.994919e+01 -7.500028e+01 -5.999796e+01 6.407483e-03 3.683364e-02 -3.753529e-02 9.986162e-01 1.724460e-05 -6.164053e-06 1.801414e-04 5.870330e-02
3 17 7.503691e+01 8.994929e+01 -7.496210e+01 -5.999791e+01 6.414149e-03 -3.955594e-02 -3.743276e-02 9.985160e-01 -7.264493e-06 -3.465849e-06 8.589488e-05 4.485973e-02
12 16 5.996018e+01 2.250517e+02 -8.999599e+01 7.499049e+01 6.457966e-03 3.650677e-02 3.676485e-02 9.986569e-01 1.647447e-05 8.371915e-06 1.952886e-04 4.798656e-02
12 16 6.003644e+01 2.250516e+02 -8.995782e+01 7.499043e+01 6.459565e-03 -3.984927e-02 3.664067e-02 9.985337e-01 -4.514427e-06 3.713943e-06 6.644512e-05 3.381913e-02
2 17 7.496064e+01 7.494742e+01 -7.500060e+01 -7.499068e+01 -7.977501e-03 3.686518e-02 -3.687434e-02 -9.986397e-01 1.557078e-05 -7.031328e-06 -1.779535e-04 5.044439e-02
2 17 7.503695e+01 7.494752e+01 -7.496239e+01 -7.499063e+01 -7.984634e-03 -3.954719e-02 -3.677201e-02 -9.985409e-01 -5.675840e-06 -4.905035e-06 -8.612180e-05 3.296404e-02
13 16 5.996022e+01 2.400536e+02 -8.999645e+01 8.998273e+01 -8.376898e-03 3.652793e-02 3.610130e-02 -9.986804e-01 1.462059e-05 9.080423e-06 -1.926557e-04 4.064976e-02
13 16 6.003648e+01 2.400535e+02 -8.995828e+01 8.998267e+01 -8.378998e-03 -3.981885e-02 3.597723e-02 -9.985590e-01 -2.760483e-06 5.034021e-06 -6.675367e-05 3.926819e-02
1 17 7.496067e+01 5.994547e+01 -7.500098e+01 -8.998299e+01 9.850900e-03 3.689412e-02 -3.621452e-02 9.986628e-01 1.361797e-05 -7.721014e-06 1.755330e-04 4.119780e-02
1 17 7.503700e+01 5.994557e+01 -7.496278e+01 -8.998295e+01 9.858479e-03 -3.953231e-02 -3.611240e-02 9.985655e-01 -3.821181e-06 -6.204743e-06 8.623413e-05 3.596310e-02
14 16 5.996057e+01 2.550505e+02 -8.999775e+01 1.049736e+02 1.733733e-02 3.639727e-02 2.617904e-02 9.989945e-01 -1.174433e-06 6.215613e-06 1.780723e-04 4.389395e-02
14 16 6.003636e+01 2.550504e+02 -8.995982e+01 1.049736e+02 1.733926e-02 -3.947560e-02 2.604655e-02 9.988810e-01 1.222771e-05 4.968311e-06 6.164279e-05 2.456044e-01
0 17 7.496105e+01 4.494853e+01 -7.500194e+01 -1.049740e+02 -1.887378e-02 3.669307e-02 -2.612218e-02 -9.989851e-01 -1.918403e-06 -5.291522e-06 -1.611834e-04 4.909179e-02
0 17 7.503681e+01 4.494863e+01 -7.496401e+01 -1.049739e+02 -1.888155e-02 -3.916139e-02 -2.601396e-02 -9.988942e-01 1.107043e-05 -5.544137e-06 -8.033374e-05 1.829196e-01
