0.000000e+00 0.000000e+00
1.500000e+00 0.000000e+00
2.998766e+00 -5.856747e-02
4.494378e+00 -1.722452e-01
5.985186e+00 -3.375261e-01
7.469890e+00 -5.508855e-01
8.947519e+00 -8.088039e-01
1.041740e+01 -1.107785e+00
1.187914e+01 -1.444370e+00
1.333260e+01 -1.815147e+00
1.477785e+01 -2.216759e+00
1.621517e+01 -2.645906e+00
1.764502e+01 -3.099349e+00
1.906802e+01 -3.573904e+00
2.048489e+01 -4.066442e+00
2.189649e+01 -4.573886e+00
2.330378e+01 -5.093199e+00
2.470777e+01 -5.621382e+00
2.610952e+01 -6.155462e+00
2.751015e+01 -6.692486e+00
