0.000000e+00 -1.193495e-02
1.585286e-01 -1.845417e-02
3.025774e-01 -2.853131e-02
4.176987e-01 -4.257348e-02
4.896985e-01 -5.033100e-02
5.051528e-01 -4.758815e-02
4.521806e-01 -2.977576e-02
3.290286e-01 -6.867655e-03
1.520962e-01 -1.954797e-02
-6.150928e-02 -2.092725e-02
-2.953446e-01 -1.547075e-02
-5.348984e-01 -8.768739e-03
-7.685382e-01 -3.302588e-03
-9.879987e-01 4.794458e-04
-1.188373e+00 2.186115e-03
-1.367668e+00 2.618812e-03
-1.526080e+00 2.048936e-03
-1.665156e+00 8.675677e-04
-1.787031e+00 -5.280168e-04
-1.893833e+00 -1.669887e-03
-1.987338e+00 -2.819356e-03
-2.068839e+00 -4.184492e-03
-2.139207e+00 -3.565643e-03
-2.199050e+00 -4.413735e-03
-2.248902e+00 -4.495033e-03
-2.289366e+00 -4.330355e-03
-2.321180e+00 -3.950953e-03
-2.345188e+00 -3.386781e-03
-2.362240e+00 -2.623914e-03
-2.373046e+00 -1.686726e-03
-2.378037e+00 -6.597449e-04
-2.377254e+00 3.508646e-04
-2.370298e+00 1.337896e-03
-2.356345e+00 2.292935e-03
-2.334205e+00 3.135629e-03
-2.302416e+00 4.077836e-03
-2.259340e+00 5.635539e-03
-2.203245e+00 4.698599e-03
-2.132344e+00 4.227334e-03
-2.044391e+00 3.835274e-03
-1.941996e+00 4.117838e-03
-1.827633e+00 4.296895e-03
-1.703577e+00 4.363991e-03
-1.571853e+00 4.636648e-03
-1.434235e+00 4.829848e-03
-1.292291e+00 5.033376e-03
-1.147458e+00 5.265627e-03
-1.001147e+00 5.582604e-03
-8.548523e-01 6.051777e-03
-7.102460e-01 6.488997e-03
-5.692395e-01 7.115421e-03
-4.340022e-01 7.785716e-03
-3.069317e-01 8.400056e-03
-1.905827e-01 8.939833e-03
-8.756624e-02 8.324445e-03
-9.156275e-04 7.235804e-03
6.908994e-02 6.172131e-03
1.223643e-01 5.129989e-03
1.589580e-01 4.072114e-03
1.789823e-01 3.339935e-03
1.825397e-01 2.840337e-03
1.696789e-01 2.485074e-03
1.403855e-01 2.271476e-03
9.460899e-02 1.979546e-03
3.231822e-02 1.525858e-03
-4.643316e-02 1.208377e-03
-1.414514e-01 1.542588e-03
-2.519110e-01 1.441972e-03
-3.750531e-01 1.152273e-03
-5.080651e-01 7.647025e-04
-6.481852e-01 3.256338e-04
-7.927960e-01 -1.403379e-04
-9.394942e-01 -5.777311e-04
-1.086125e+00 -9.652069e-04
-1.230784e+00 -1.293888e-03
-1.371787e+00 -1.545684e-03
-1.507629e+00 -1.854688e-03
-1.636931e+00 -2.074532e-03
-1.758409e+00 -2.296824e-03
-1.870845e+00 -2.533113e-03
-1.973102e+00 -3.191449e-03
-2.064145e+00 -2.840076e-03
-2.143081e+00 -1.972500e-03
-2.209194e+00 -1.591821e-03
-2.262461e+00 -1.306203e-03
-2.304098e+00 -1.036822e-03
-2.335424e+00 -7.571220e-04
-2.357743e+00 -4.741778e-04
-2.372204e+00 -1.505980e-04
-2.379663e+00 2.322536e-04
-2.380576e+00 7.192753e-04
-2.374942e+00 1.289490e-03
-2.362320e+00 1.985459e-03
-2.341920e+00 2.798376e-03
-2.312756e+00 3.687109e-03
-2.273832e+00 4.854617e-03
-2.224314e+00 5.740939e-03
-2.163651e+00 7.214924e-03
-2.091602e+00 7.729073e-03
-2.008170e+00 1.024980e-02
-1.913437e+00 1.097304e-02
-1.807379e+00 1.222602e-02
-1.689695e+00 1.391484e-02
-1.559754e+00 1.565302e-02
-1.416716e+00 1.728080e-02
-1.259842e+00 1.884381e-02
-1.088998e+00 1.998365e-02
-9.052450e-01 2.085545e-02
-7.114019e-01 2.189860e-02
-5.124099e-01 2.355809e-02
-3.153743e-01 2.764640e-02
-1.292273e-01 3.735052e-02
3.592866e-02 4.922199e-02
1.696262e-01 4.213137e-02
2.617533e-01 8.103570e-02
3.029450e-01 6.742176e-02
3.124706e-01 5.959056e-02
3.076386e-01 5.358727e-02
3.032575e-01 4.876504e-02
3.100617e-01 4.193169e-02
3.333413e-01 3.601209e-02
3.722052e-01 2.792635e-02
4.197729e-01 2.316208e-02
4.642429e-01 2.375047e-02
4.904799e-01 3.932988e-02
4.817112e-01 1.775957e-02
4.210545e-01 2.910708e-02
2.989337e-01 2.868941e-02
1.278728e-01 8.453716e-03
-7.828463e-02 2.153670e-05
-3.054005e-01 -4.195927e-04
-5.402018e-01 1.391451e-03
-7.713413e-01 3.334911e-03
-9.901664e-01 4.839722e-03
-1.191060e+00 5.112958e-03
-1.371310e+00 4.636746e-03
-1.530586e+00 3.520316e-03
-1.670176e+00 1.886510e-03
-1.792189e+00 2.195131e-04
-1.898881e+00 -1.244365e-03
-1.992209e+00 -3.021160e-03
-2.073634e+00 -3.773172e-03
-2.144131e+00 -2.702988e-03
-2.204339e+00 -3.822348e-03
-2.254749e+00 -4.073404e-03
-2.295872e+00 -4.108922e-03
-2.328312e+00 -3.916153e-03
-2.352759e+00 -3.564397e-03
-2.369889e+00 -3.073662e-03
-2.380238e+00 -2.435332e-03
-2.384068e+00 -1.752113e-03
-2.381281e+00 -1.074361e-03
-2.371390e+00 -4.275703e-04
-2.353564e+00 1.849131e-04
-2.326718e+00 8.037404e-04
-2.289629e+00 1.588682e-03
-2.241063e+00 3.094179e-03
-2.179872e+00 2.069701e-03
-2.105063e+00 1.566726e-03
-2.017599e+00 1.123741e-03
-1.918467e+00 1.357556e-03
-1.808780e+00 1.363131e-03
-1.689742e+00 1.417366e-03
-1.562619e+00 1.423857e-03
-1.428726e+00 1.413103e-03
-1.289434e+00 1.414100e-03
-1.146196e+00 1.425603e-03
-1.000590e+00 1.466366e-03
-8.543626e-01 1.530644e-03
-7.094696e-01 1.564943e-03
-5.680959e-01 1.598036e-03
-4.326469e-01 1.576620e-03
-3.057062e-01 1.438876e-03
-1.899626e-01 1.134420e-03
-8.811678e-02 1.418703e-03
-2.274942e-03 1.093303e-03
6.730298e-02 8.422602e-04
1.204966e-01 5.414187e-04
1.572804e-01 2.511525e-04
1.776660e-01 8.272112e-05
1.816516e-01 2.005352e-04
1.691945e-01 3.379456e-04
1.402142e-01 5.561425e-04
9.462556e-02 6.351672e-04
3.239338e-02 5.355294e-04
-4.640756e-02 4.412417e-04
-1.415454e-01 9.397616e-04
-2.520960e-01 9.889353e-04
-3.753005e-01 8.025826e-04
-5.083484e-01 5.025256e-04
-6.484818e-01 1.251748e-04
-7.930892e-01 -2.819061e-04
-9.397728e-01 -6.707668e-04
-1.086383e+00 -1.030141e-03
-1.231019e+00 -1.338187e-03
-1.371999e+00 -1.566753e-03
-1.507818e+00 -1.868170e-03
-1.637099e+00 -2.081410e-03
-1.758557e+00 -2.305453e-03
-1.870978e+00 -2.537748e-03
-1.973227e+00 -3.213259e-03
-2.064270e+00 -2.863458e-03
-2.143212e+00 -2.003208e-03
-2.209335e+00 -1.638937e-03
-2.262611e+00 -1.365447e-03
-2.304255e+00 -1.109548e-03
-2.335581e+00 -8.432940e-04
-2.357888e+00 -5.759307e-04
-2.372321e+00 -2.684066e-04
-2.379732e+00 8.729637e-05
-2.380576e+00 5.574068e-04
-2.374855e+00 1.112819e-03
-2.362133e+00 1.792397e-03
-2.341631e+00 2.597023e-03
-2.312372e+00 3.486447e-03
-2.273370e+00 4.654716e-03
-2.223800e+00 5.600098e-03
-2.163115e+00 7.099366e-03
-2.091077e+00 7.524097e-03
-2.007683e+00 1.010831e-02
-1.913013e+00 1.086135e-02
-1.807030e+00 1.216475e-02
-1.689424e+00 1.391076e-02
-1.559554e+00 1.571714e-02
-1.416573e+00 1.740734e-02
-1.259740e+00 1.903706e-02
-1.088922e+00 2.023617e-02
-9.051882e-01 2.116660e-02
-7.113669e-01 2.226262e-02
-5.124096e-01 2.395733e-02
-3.154296e-01 2.804935e-02
-1.293612e-01 3.767184e-02
3.569821e-02 4.918511e-02
1.692942e-01 4.272491e-02
2.613321e-01 8.146282e-02
3.024634e-01 6.735448e-02
3.120144e-01 5.928299e-02
3.073171e-01 5.303465e-02
3.031764e-01 4.790708e-02
3.102964e-01 4.068223e-02
3.339159e-01 3.435698e-02
3.730828e-01 2.594189e-02
4.208593e-01 2.092448e-02
4.654033e-01 2.136733e-02
4.915663e-01 3.691012e-02
4.825946e-01 1.530018e-02
4.216605e-01 2.725463e-02
2.992916e-01 2.605271e-02
1.280190e-01 5.918520e-03
-7.829856e-02 -2.259460e-03
-3.055104e-01 -2.435582e-03
-5.403411e-01 -3.669040e-04
-7.714529e-01 1.815531e-03
-9.902118e-01 3.546398e-03
-1.191022e+00 4.028105e-03
-1.371192e+00 3.741648e-03
-1.530405e+00 2.796266e-03
-1.669957e+00 1.305081e-03
-1.791959e+00 -2.413467e-04
-1.898665e+00 -1.608227e-03
-1.992027e+00 -3.310770e-03
-2.073499e+00 -4.010047e-03
-2.144046e+00 -2.900380e-03
-2.204299e+00 -3.995489e-03
-2.254740e+00 -4.230305e-03
-2.295869e+00 -4.266857e-03
-2.328288e+00 -4.077565e-03
-2.352684e+00 -3.737452e-03
-2.369740e+00 -3.268254e-03
-2.380005e+00 -2.647677e-03
-2.383756e+00 -1.976379e-03
-2.380914e+00 -1.316744e-03
-2.371007e+00 -6.866649e-04
-2.353212e+00 -7.546508e-05
-2.326439e+00 5.119648e-04
-2.289453e+00 1.246718e-03
-2.240993e+00 2.597659e-03
-2.179882e+00 1.796105e-03
-2.105095e+00 1.359903e-03
-2.017620e+00 8.720818e-04
-1.918463e+00 1.041290e-03
-1.808752e+00 1.005374e-03
-1.689698e+00 1.017983e-03
-1.562565e+00 9.810096e-04
-1.428662e+00 9.484857e-04
-1.289350e+00 9.286600e-04
-1.146074e+00 9.214741e-04
-1.000409e+00 9.323704e-04
-8.541076e-01 9.698749e-04
-7.091389e-01 9.829656e-04
-5.677071e-01 9.888127e-04
-4.322396e-01 9.286855e-04
-3.053417e-01 7.404363e-04
-1.897207e-01 3.973950e-04
-8.809130e-02 6.808244e-04
-2.411668e-03 3.993447e-04
6.705604e-02 1.888656e-04
1.201851e-01 -6.703096e-05
1.569405e-01 -2.289864e-04
1.773230e-01 -4.589923e-04
1.813213e-01 -2.975581e-04
1.688865e-01 -1.490641e-04
1.399362e-01 8.546201e-05
9.438784e-02 1.912190e-04
3.221236e-02 -1.507010e-06
-4.650788e-02 5.720772e-05
-1.415336e-01 6.194542e-04
-2.519850e-01 6.352409e-04
-3.751116e-01 3.921790e-04
-5.081088e-01 6.014388e-05
-6.482218e-01 -3.370955e-04
-7.928379e-01 -7.660252e-04
-9.395544e-01 -1.222034e-03
-1.086213e+00 -1.627007e-03
-1.230900e+00 -1.991368e-03
-1.371925e+00 -2.274262e-03
-1.507773e+00 -2.632170e-03
-1.637062e+00 -2.898560e-03
-1.758506e+00 -3.175325e-03
-1.870896e+00 -3.462068e-03
-1.973102e+00 -4.276234e-03
-2.064099e+00 -3.886019e-03
-2.143005e+00 -2.999431e-03
-2.209109e+00 -2.545061e-03
-2.262378e+00 -2.251886e-03
-2.304028e+00 -1.948574e-03
-2.335372e+00 -1.632285e-03
-2.357703e+00 -1.296414e-03
-2.372164e+00 -9.437856e-04
-2.379602e+00 -5.179936e-04
-2.380469e+00 1.151908e-06
-2.374766e+00 6.068831e-04
-2.362055e+00 1.333441e-03
-2.341558e+00 2.174383e-03
-2.312299e+00 3.098017e-03
-2.273294e+00 4.291564e-03
-2.223720e+00 5.250823e-03
-2.163031e+00 6.775769e-03
-2.090990e+00 7.217755e-03
-2.007596e+00 9.806848e-03
-1.912926e+00 1.055750e-02
-1.806946e+00 1.185404e-02
-1.689343e+00 1.358467e-02
-1.559480e+00 1.536821e-02
-1.416505e+00 1.702943e-02
-1.259677e+00 1.863023e-02
-1.088862e+00 1.980466e-02
-9.051217e-01 2.070736e-02
-7.112805e-01 2.178218e-02
-5.122843e-01 2.346522e-02
-3.152435e-01 2.755508e-02
-1.290943e-01 3.725741e-02
3.605798e-02 4.936580e-02
1.697441e-01 4.166781e-02
2.618507e-01 8.100245e-02
3.030109e-01 6.730120e-02
3.125201e-01 5.954757e-02
3.076826e-01 5.358519e-02
3.033028e-01 4.876313e-02
3.101113e-01 4.193477e-02
3.333953e-01 3.601209e-02
3.722609e-01 2.793438e-02
4.198263e-01 2.315317e-02
4.642888e-01 2.375806e-02
4.905137e-01 3.936673e-02
4.817284e-01 1.775898e-02
4.210517e-01 2.909639e-02
2.989146e-01 2.870606e-02
1.278419e-01 8.448863e-03
-7.832282e-02 1.392749e-05
-3.054415e-01 -4.294713e-04
-5.402415e-01 1.383106e-03
-7.713761e-01 3.325086e-03
-9.901933e-01 4.829635e-03
-1.191077e+00 5.104566e-03
-1.371316e+00 4.628919e-03
-1.530582e+00 3.513400e-03
-1.670165e+00 1.882282e-03
-1.792177e+00 2.188548e-04
-1.898875e+00 -1.239805e-03
-1.992217e+00 -3.010542e-03
-2.073663e+00 -3.750079e-03
-2.144185e+00 -2.668964e-03
-2.204414e+00 -3.773907e-03
-2.254836e+00 -4.006356e-03
-2.295951e+00 -4.024905e-03
-2.328362e+00 -3.809444e-03
-2.352755e+00 -3.438056e-03
-2.369815e+00 -2.922363e-03
-2.380089e+00 -2.259563e-03
-2.383856e+00 -1.531237e-03
-2.381034e+00 -8.221800e-04
-2.371151e+00 -1.433520e-04
-2.353378e+00 5.280026e-04
-2.326621e+00 1.174481e-03
-2.289638e+00 2.019205e-03
-2.241164e+00 3.576721e-03
-2.180016e+00 2.477672e-03
-2.105166e+00 2.053025e-03
-2.017613e+00 1.520748e-03
-1.918379e+00 1.740874e-03
-1.808605e+00 1.705473e-03
-1.689516e+00 1.721474e-03
-1.562384e+00 1.678129e-03
-1.428523e+00 1.636775e-03
-1.289289e+00 1.605647e-03
-1.146123e+00 1.589805e-03
-1.000585e+00 1.601487e-03
-8.544110e-01 1.634711e-03
-7.095510e-01 1.657760e-03
-5.681881e-01 1.676426e-03
-4.327299e-01 1.632388e-03
-3.057642e-01 1.487426e-03
-1.899857e-01 1.182648e-03
-8.810197e-02 1.431955e-03
-2.228317e-03 1.089113e-03
6.737097e-02 7.958216e-04
1.205715e-01 4.688014e-04
1.573449e-01 2.159993e-04
1.777026e-01 -5.667703e-05
1.816461e-01 3.639529e-05
1.691393e-01 1.229288e-04
1.401120e-01 2.973932e-04
9.449121e-02 3.490684e-04
3.225511e-02 1.168849e-04
-4.650931e-02 1.334973e-04
-1.415599e-01 6.782564e-04
-2.520235e-01 6.798973e-04
-3.751528e-01 4.324817e-04
-5.081463e-01 8.987411e-05
-6.482513e-01 -3.073251e-04
-7.928568e-01 -7.429382e-04
-9.395612e-01 -1.195543e-03
-1.086207e+00 -1.601103e-03
-1.230884e+00 -1.959659e-03
-1.371900e+00 -2.243693e-03
-1.507743e+00 -2.598634e-03
-1.637032e+00 -2.859584e-03
-1.758481e+00 -3.137355e-03
-1.870880e+00 -3.420401e-03
-1.973100e+00 -4.245601e-03
-2.064115e+00 -3.842989e-03
-2.143040e+00 -2.982176e-03
-2.209165e+00 -2.522692e-03
-2.262457e+00 -2.204426e-03
-2.304126e+00 -1.885423e-03
-2.335484e+00 -1.559313e-03
-2.357824e+00 -1.216244e-03
-2.372287e+00 -8.557591e-04
-2.379723e+00 -4.244794e-04
-2.380585e+00 9.953277e-05
-2.374872e+00 7.099689e-04
-2.362150e+00 1.440641e-03
-2.341639e+00 2.284980e-03
-2.312365e+00 3.209470e-03
-2.273344e+00 4.403917e-03
-2.223754e+00 5.365302e-03
-2.163051e+00 6.885795e-03
-2.090998e+00 7.324581e-03
-2.007595e+00 9.906635e-03
-1.912923e+00 1.063445e-02
-1.806947e+00 1.191590e-02
-1.689358e+00 1.363264e-02
-1.559516e+00 1.540267e-02
-1.416569e+00 1.705166e-02
-1.259773e+00 1.863777e-02
-1.088989e+00 1.979498e-02
-9.052758e-01 2.068892e-02
-7.114531e-01 2.175274e-02
-5.124645e-01 2.343241e-02
-3.154193e-01 2.753264e-02
-1.292542e-01 3.724761e-02
3.592349e-02 4.916176e-02
1.696419e-01 4.204223e-02
2.617848e-01 8.099273e-02
3.029829e-01 6.736157e-02
3.125042e-01 5.954368e-02
3.076619e-01 5.355389e-02
3.032682e-01 4.874424e-02
3.100609e-01 4.192701e-02
3.333326e-01 3.602088e-02
3.721937e-01 2.794819e-02
4.197640e-01 2.319506e-02
4.642411e-01 2.380083e-02
4.904879e-01 3.938463e-02
4.817285e-01 1.781752e-02
4.210770e-01 2.916918e-02
2.989574e-01 2.875295e-02
1.278939e-01 8.513268e-03
-7.826911e-02 7.253283e-05
-3.053924e-01 -3.751318e-04
-5.402013e-01 1.426702e-03
-7.713471e-01 3.363232e-03
-9.901760e-01 4.861493e-03
-1.191070e+00 5.128094e-03
-1.371317e+00 4.645379e-03
-1.530588e+00 3.522638e-03
-1.670172e+00 1.883586e-03
-1.792180e+00 2.117840e-04
-1.898868e+00 -1.255001e-03
-1.992196e+00 -3.034522e-03
-2.073624e+00 -3.787886e-03
-2.144126e+00 -2.717580e-03
-2.204340e+00 -3.838150e-03
-2.254759e+00 -4.088070e-03
-2.295889e+00 -4.124613e-03
-2.328338e+00 -3.929146e-03
-2.352791e+00 -3.577352e-03
-2.369927e+00 -3.086832e-03
-2.380282e+00 -2.447674e-03
-2.384117e+00 -1.763359e-03
-2.381335e+00 -1.086359e-03
-2.371451e+00 -4.401557e-04
-2.353635e+00 1.715276e-04
-2.326800e+00 7.870178e-04
-2.289727e+00 1.570587e-03
-2.241179e+00 3.069787e-03
-2.180010e+00 2.043570e-03
-2.105222e+00 1.524614e-03
-2.017772e+00 1.063197e-03
-1.918643e+00 1.274795e-03
-1.808945e+00 1.260199e-03
-1.689877e+00 1.292347e-03
-1.562704e+00 1.270610e-03
-1.428738e+00 1.235269e-03
-1.289354e+00 1.206826e-03
-1.146010e+00 1.189753e-03
-1.000295e+00 1.194450e-03
-8.539671e-01 1.219102e-03
-7.089996e-01 1.208679e-03
-5.675939e-01 1.196175e-03
-4.321713e-01 1.114202e-03
-3.053282e-01 9.131856e-04
-1.897616e-01 5.392518e-04
-8.817531e-02 8.198453e-04
-2.516744e-03 5.318865e-04
6.694653e-02 3.082994e-04
1.200831e-01 3.920419e-05
1.568540e-01 -1.222358e-04
1.772572e-01 -3.651021e-04
1.812790e-01 -2.094344e-04
1.688681e-01 -5.900669e-05
1.399401e-01 1.691919e-04
9.441054e-02 2.777328e-04
3.224856e-02 8.879676e-05
-4.646475e-02 1.498475e-04
-1.414907e-01 7.434916e-04
-2.519439e-01 7.973916e-04
-3.750738e-01 6.026086e-04
-5.080757e-01 3.136418e-04
-6.481942e-01 -3.185070e-05
-7.928165e-01 -4.096911e-04
-9.395401e-01 -8.081401e-04
-1.086207e+00 -1.155541e-03
-1.230907e+00 -1.455310e-03
-1.371947e+00 -1.677546e-03
-1.507814e+00 -1.971531e-03
-1.637126e+00 -2.178213e-03
-1.758596e+00 -2.396629e-03
-1.871012e+00 -2.624849e-03
-1.973243e+00 -3.296893e-03
-2.064261e+00 -2.937115e-03
-2.143179e+00 -2.062639e-03
-2.209287e+00 -1.685578e-03
-2.262562e+00 -1.407223e-03
-2.304216e+00 -1.134892e-03
-2.335565e+00 -8.510455e-04
-2.357903e+00 -5.713528e-04
-2.372371e+00 -2.545747e-04
-2.379819e+00 1.118462e-04
-2.380695e+00 5.819351e-04
-2.374996e+00 1.139086e-03
-2.362282e+00 1.815533e-03
-2.341770e+00 2.609870e-03
-2.312483e+00 3.491767e-03
-2.273436e+00 4.634670e-03
-2.223809e+00 5.566088e-03
-2.163059e+00 7.042229e-03
-2.090958e+00 7.455005e-03
-2.007511e+00 9.967948e-03
-1.912804e+00 1.066663e-02
-1.806808e+00 1.191913e-02
-1.689216e+00 1.360150e-02
-1.559388e+00 1.533263e-02
-1.416470e+00 1.693722e-02
-1.259713e+00 1.848689e-02
-1.088970e+00 1.960378e-02
-9.052933e-01 2.045631e-02
-7.114948e-01 2.147142e-02
-5.125134e-01 2.310011e-02
-3.154564e-01 2.714266e-02
-1.292619e-01 3.679770e-02
3.595826e-02 4.871805e-02
1.697263e-01 4.138356e-02
2.619203e-01 8.076110e-02
3.031677e-01 6.692426e-02
3.127234e-01 5.909592e-02
3.078949e-01 5.313189e-02
3.034929e-01 4.834482e-02
3.102570e-01 4.156285e-02
3.334847e-01 3.570112e-02
3.722936e-01 2.766772e-02
4.198112e-01 2.294401e-02
4.642419e-01 2.358023e-02
4.904541e-01 3.920694e-02
4.816747e-01 1.766218e-02
4.210194e-01 2.903963e-02
2.989045e-01 2.864860e-02
1.278517e-01 8.422217e-03
-7.829764e-02 -2.893847e-06
-3.054064e-01 -4.389296e-04
-5.402017e-01 1.377929e-03
-7.713363e-01 3.322597e-03
-9.901569e-01 4.829276e-03
-1.191045e+00 5.104440e-03
-1.371291e+00 4.629356e-03
-1.530562e+00 3.514099e-03
-1.670149e+00 1.881241e-03
-1.792161e+00 2.150658e-04
-1.898855e+00 -1.245314e-03
-1.992190e+00 -3.018435e-03
-2.073626e+00 -3.764587e-03
-2.144137e+00 -2.687174e-03
-2.204359e+00 -3.798113e-03
-2.254781e+00 -4.039458e-03
-2.295911e+00 -4.064555e-03
-2.328350e+00 -3.859073e-03
-2.352788e+00 -3.491308e-03
-2.369902e+00 -2.992895e-03
-2.380233e+00 -2.337579e-03
-2.384046e+00 -1.632662e-03
-2.381250e+00 -9.396554e-04
-2.371363e+00 -2.775350e-04
-2.353555e+00 3.558385e-04
-2.326739e+00 9.929491e-04
-2.289687e+00 1.809753e-03
-2.241157e+00 3.358563e-03
-2.179990e+00 2.273631e-03
-2.105183e+00 1.765403e-03
-2.017703e+00 1.276389e-03
-1.918543e+00 1.489475e-03
-1.808826e+00 1.465558e-03
-1.689757e+00 1.484605e-03
-1.562605e+00 1.446086e-03
-1.428681e+00 1.400966e-03
-1.289352e+00 1.360067e-03
-1.146071e+00 1.331078e-03
-1.000415e+00 1.326079e-03
-8.541350e-01 1.338481e-03
-7.091967e-01 1.329142e-03
-5.677960e-01 1.313646e-03
-4.323504e-01 1.232982e-03
-3.054552e-01 1.035334e-03
-1.898085e-01 6.666091e-04
-8.811755e-02 9.442996e-04
-2.384347e-03 6.465370e-04
6.712515e-02 4.049409e-04
1.202821e-01 1.274212e-04
1.570510e-01 -6.854436e-05
1.774345e-01 -3.148422e-04
1.814243e-01 -1.793225e-04
1.689754e-01 -5.142600e-05
1.400092e-01 1.566513e-04
9.444670e-02 2.430960e-04
3.226157e-02 3.375935e-05
-4.646195e-02 8.370056e-05
-1.414834e-01 6.357375e-04
-2.519313e-01 6.481240e-04
-3.750580e-01 4.036285e-04
-5.080614e-01 6.781041e-05
-6.481880e-01 -3.338390e-04
-7.928255e-01 -7.688548e-04
-9.395698e-01 -1.224656e-03
-1.086260e+00 -1.631623e-03
-1.230980e+00 -1.998596e-03
-1.372033e+00 -2.279284e-03
-1.507901e+00 -2.634202e-03
-1.637199e+00 -2.906569e-03
-1.758640e+00 -3.184949e-03
-1.871014e+00 -3.479435e-03
-1.973196e+00 -4.340138e-03
-2.064164e+00 -3.920678e-03
-2.143040e+00 -2.989722e-03
-2.209119e+00 -2.541075e-03
-2.262374e+00 -2.225673e-03
-2.304021e+00 -1.916798e-03
-2.335373e+00 -1.587546e-03
-2.357725e+00 -1.245348e-03
-2.372214e+00 -8.850371e-04
-2.379685e+00 -4.531341e-04
-2.380584e+00 7.595814e-05
-2.374908e+00 6.838198e-04
-2.362215e+00 1.416332e-03
-2.341722e+00 2.258044e-03
-2.312454e+00 3.179991e-03
-2.273427e+00 4.371455e-03
-2.223819e+00 5.329964e-03
-2.163089e+00 6.855505e-03
-2.091004e+00 7.303418e-03
-2.007568e+00 9.866545e-03
-1.912866e+00 1.058248e-02
-1.806866e+00 1.185874e-02
-1.689261e+00 1.356776e-02
-1.559413e+00 1.532387e-02
-1.416472e+00 1.695843e-02
-1.259693e+00 1.852725e-02
-1.088934e+00 1.966530e-02
-9.052553e-01 2.053447e-02
-7.114719e-01 2.156901e-02
-5.125253e-01 2.321503e-02
-3.155222e-01 2.727751e-02
-1.293960e-01 3.694328e-02
3.574965e-02 4.878037e-02
1.694484e-01 4.164524e-02
2.615910e-01 8.047025e-02
3.028165e-01 6.678068e-02
3.124035e-01 5.889655e-02
3.076609e-01 5.281327e-02
3.033915e-01 4.789739e-02
3.103180e-01 4.094627e-02
3.337139e-01 3.492599e-02
3.726699e-01 2.675373e-02
4.202897e-01 2.193465e-02
4.647611e-01 2.247389e-02
4.909477e-01 3.803492e-02
4.820861e-01 1.652504e-02
4.213167e-01 2.858125e-02
2.990938e-01 2.751106e-02
1.279424e-01 7.280365e-03
-7.828901e-02 -1.033239e-03
-3.054570e-01 -1.353918e-03
-5.402865e-01 5.719550e-04
-7.714325e-01 2.621838e-03
-9.902477e-01 4.223358e-03
-1.191121e+00 4.585325e-03
-1.371348e+00 4.188485e-03
-1.530600e+00 3.137943e-03
-1.670170e+00 1.560677e-03
-1.792167e+00 -6.146735e-05
-1.898850e+00 -1.495090e-03
-1.992173e+00 -3.212256e-03
-2.073598e+00 -4.003634e-03
-2.144096e+00 -2.911387e-03
-2.204302e+00 -3.995883e-03
-2.254702e+00 -4.259288e-03
-2.295801e+00 -4.302629e-03
-2.328199e+00 -4.121461e-03
-2.352586e+00 -3.785760e-03
-2.369643e+00 -3.311897e-03
-2.379919e+00 -2.689127e-03
-2.383688e+00 -2.011160e-03
-2.380869e+00 -1.348491e-03
-2.370989e+00 -7.117810e-04
-2.353220e+00 -9.022533e-05
-2.326470e+00 5.001023e-04
-2.289499e+00 1.240501e-03
-2.241046e+00 2.599274e-03
-2.179929e+00 1.804020e-03
-2.105121e+00 1.380862e-03
-2.017622e+00 9.054051e-04
-1.918441e+00 1.090690e-03
-1.808712e+00 1.069342e-03
-1.689650e+00 1.098068e-03
-1.562521e+00 1.078425e-03
-1.428636e+00 1.063394e-03
-1.289354e+00 1.061083e-03
-1.146118e+00 1.076393e-03
-1.000498e+00 1.109333e-03
-8.542400e-01 1.169814e-03
-7.093077e-01 1.212424e-03
-5.678979e-01 1.243877e-03
-4.324319e-01 1.207553e-03
-3.055099e-01 1.059007e-03
-1.898362e-01 7.430522e-04
-8.812440e-02 1.013614e-03
-2.381388e-03 7.066607e-04
6.713029e-02 4.609616e-04
1.202850e-01 1.792157e-04
1.570500e-01 -2.267258e-05
1.774297e-01 -2.688880e-04
1.814170e-01 -1.333159e-04
1.689667e-01 -6.781832e-06
1.400002e-01 2.039979e-04
9.443772e-02 2.899152e-04
3.225225e-02 8.656757e-05
-4.647269e-02 1.332243e-04
-1.414972e-01 6.946284e-04
-2.519483e-01 7.106589e-04
-3.750763e-01 4.729988e-04
-5.080778e-01 1.450406e-04
-6.481984e-01 -2.419821e-04
-7.928258e-01 -6.642089e-04
-9.395567e-01 -1.111339e-03
-1.086232e+00 -1.499655e-03
-1.230938e+00 -1.851468e-03
-1.371981e+00 -2.118693e-03
-1.507845e+00 -2.460170e-03
-1.637147e+00 -2.714285e-03
-1.758599e+00 -2.976197e-03
-1.870991e+00 -3.248490e-03
-1.973193e+00 -4.065021e-03
-2.064181e+00 -3.681773e-03
-2.143072e+00 -2.760114e-03
-2.209160e+00 -2.316907e-03
-2.262416e+00 -2.020723e-03
-2.304058e+00 -1.722027e-03
-2.335401e+00 -1.406679e-03
-2.357742e+00 -1.081272e-03
-2.372221e+00 -7.304432e-04
-2.379685e+00 -3.220328e-04
-2.380584e+00 1.910290e-04
-2.374910e+00 7.806961e-04
-2.362223e+00 1.495938e-03
-2.341738e+00 2.322930e-03
-2.312476e+00 3.234198e-03
-2.273454e+00 4.408059e-03
-2.223848e+00 5.356845e-03
-2.163117e+00 6.871193e-03
-2.091029e+00 7.306771e-03
-2.007590e+00 9.867939e-03
-1.912884e+00 1.058479e-02
-1.806883e+00 1.186269e-02
-1.689278e+00 1.357513e-02
-1.559432e+00 1.533832e-02
-1.416493e+00 1.698211e-02
-1.259715e+00 1.856308e-02
-1.088955e+00 1.971664e-02
-9.052696e-01 2.060702e-02
-7.114738e-01 2.166747e-02
-5.125081e-01 2.334134e-02
-3.154798e-01 2.744128e-02
-1.293242e-01 3.715457e-02
3.585143e-02 4.904727e-02
1.695746e-01 4.197511e-02
2.617282e-01 8.088125e-02
3.029418e-01 6.728130e-02
3.124756e-01 5.948824e-02
3.076411e-01 5.351453e-02
3.032508e-01 4.872025e-02
3.100439e-01 4.191819e-02
3.333151e-01 3.604321e-02
3.721770e-01 2.799448e-02
4.197513e-01 2.326591e-02
4.642360e-01 2.383355e-02
4.904934e-01 3.950026e-02
4.817458e-01 1.783186e-02
4.211042e-01 2.920189e-02
2.989892e-01 2.882538e-02
1.279253e-01 8.594725e-03
-7.824296e-02 1.541149e-04
-3.053756e-01 -2.941464e-04
-5.401971e-01 1.506529e-03
-7.713571e-01 3.436941e-03
-9.902000e-01 4.930676e-03
-1.191106e+00 5.189726e-03
-1.371362e+00 4.699389e-03
-1.530635e+00 3.570715e-03
-1.670216e+00 1.925509e-03
-1.792214e+00 2.494240e-04
-1.898888e+00 -1.219365e-03
-1.992197e+00 -3.009324e-03
-2.073602e+00 -3.772963e-03
-2.144082e+00 -2.750514e-03
-2.204276e+00 -3.846578e-03
-2.254676e+00 -4.089664e-03
-2.295794e+00 -4.122914e-03
-2.328233e+00 -3.930252e-03
-2.352683e+00 -3.579801e-03
-2.369821e+00 -3.091632e-03
-2.380181e+00 -2.453039e-03
-2.384026e+00 -1.768347e-03
-2.381256e+00 -1.091534e-03
-2.371387e+00 -4.471351e-04
-2.353586e+00 1.656234e-04
-2.326765e+00 7.830799e-04
-2.289703e+00 1.567549e-03
-2.241161e+00 3.060758e-03
-2.179989e+00 2.040097e-03
-2.105192e+00 1.533289e-03
-2.017732e+00 1.074068e-03
-1.918595e+00 1.289449e-03
-1.808895e+00 1.277298e-03
-1.689835e+00 1.310055e-03
-1.562681e+00 1.291091e-03
-1.428746e+00 1.257340e-03
-1.289400e+00 1.231915e-03
-1.146100e+00 1.215782e-03
-1.000426e+00 1.218986e-03
-8.541333e-01 1.245741e-03
-7.091867e-01 1.247479e-03
-5.677824e-01 1.237308e-03
-4.323369e-01 1.162065e-03
-3.054438e-01 9.728036e-04
-1.897996e-01 6.053932e-04
-8.810985e-02 8.920166e-04
-2.376962e-03 5.987808e-04
6.713325e-02 3.682135e-04
1.202920e-01 9.975008e-05
1.570639e-01 -9.149355e-05
1.774513e-01 -3.295727e-04
1.814453e-01 -1.873212e-04
1.690000e-01 -5.452397e-05
1.400358e-01 1.565067e-04
9.447255e-02 2.501076e-04
3.228287e-02 4.814774e-05
-4.644984e-02 8.796270e-05
-1.414856e-01 6.976995e-04
-2.519431e-01 7.560632e-04
-3.750736e-01 5.685435e-04
-5.080741e-01 2.868979e-04
-6.481905e-01 -5.201704e-05
-7.928112e-01 -4.233979e-04
-9.395342e-01 -8.158102e-04
-1.086202e+00 -1.154861e-03
-1.230904e+00 -1.453295e-03
-1.371947e+00 -1.666509e-03
-1.507817e+00 -1.954014e-03
-1.637131e+00 -2.153047e-03
-1.758601e+00 -2.360473e-03
-1.871017e+00 -2.573429e-03
-1.973246e+00 -3.237681e-03
-2.064262e+00 -2.865398e-03
-2.143176e+00 -1.980043e-03
-2.209276e+00 -1.603106e-03
-2.262540e+00 -1.327881e-03
-2.304187e+00 -1.056684e-03
-2.335534e+00 -7.762775e-04
-2.357877e+00 -4.925545e-04
-2.372357e+00 -1.746946e-04
-2.379822e+00 1.974358e-04
-2.380721e+00 6.811375e-04
-2.375051e+00 1.252210e-03
-2.362371e+00 1.945095e-03
-2.341898e+00 2.759636e-03
-2.312655e+00 3.664365e-03
-2.273654e+00 4.844428e-03
-2.224071e+00 5.756891e-03
-2.163360e+00 7.257580e-03
-2.091287e+00 7.801463e-03
-2.007851e+00 1.038270e-02
-1.913133e+00 1.118754e-02
-1.807100e+00 1.252330e-02
-1.689445e+00 1.430722e-02
-1.559532e+00 1.615775e-02
-1.416513e+00 1.789782e-02
-1.259653e+00 1.957929e-02
-1.088821e+00 2.084017e-02
-9.050865e-01 2.183763e-02
-7.112767e-01 2.300353e-02
-5.123406e-01 2.476529e-02
-3.153866e-01 2.892342e-02
-1.293433e-01 3.858387e-02
3.569640e-02 5.001388e-02
1.692781e-01 4.385920e-02
2.613017e-01 8.225934e-02
3.024065e-01 6.834596e-02
3.118935e-01 6.067975e-02
3.070882e-01 5.472920e-02
3.027989e-01 4.981143e-02
3.097450e-01 4.282736e-02
3.331909e-01 3.665735e-02
3.722159e-01 2.841731e-02
4.199129e-01 2.347752e-02
4.644620e-01 2.395468e-02
4.907214e-01 3.950197e-02
4.819227e-01 1.782075e-02
4.211978e-01 2.909900e-02
2.990089e-01 2.862567e-02
1.278877e-01 8.343670e-03
-7.831619e-02 -9.985113e-05
-3.054605e-01 -5.408014e-04
-5.402714e-01 1.275339e-03
-7.714038e-01 3.229011e-03
-9.902090e-01 4.746723e-03
-1.191075e+00 5.035260e-03
-1.371296e+00 4.575174e-03
-1.530547e+00 3.474412e-03
-1.670121e+00 1.855609e-03
-1.792134e+00 2.005347e-04
-1.898844e+00 -1.252308e-03
-1.992209e+00 -3.017846e-03
-2.073685e+00 -3.770835e-03
-2.144239e+00 -2.703055e-03
-2.204496e+00 -3.834813e-03
-2.254932e+00 -4.093939e-03
-2.296043e+00 -4.140972e-03
-2.328423e+00 -3.959637e-03
-2.352760e+00 -3.625418e-03
-2.369745e+00 -3.133458e-03
-2.379935e+00 -2.520817e-03
-2.383624e+00 -1.832295e-03
-2.380746e+00 -1.155716e-03
-2.370839e+00 -5.009711e-04
-2.353079e+00 1.467527e-04
-2.326366e+00 7.284642e-04
-2.289447e+00 1.517802e-03
-2.241035e+00 2.885108e-03
-2.179923e+00 2.092565e-03
-2.105057e+00 1.710921e-03
-2.017468e+00 1.147584e-03
-1.918194e+00 1.331092e-03
-1.808394e+00 1.262425e-03
-1.689299e+00 1.262352e-03
-1.562180e+00 1.228130e-03
-1.428344e+00 1.186291e-03
-1.289136e+00 1.147746e-03
-1.145984e+00 1.138508e-03
-1.000442e+00 1.153802e-03
-8.542451e-01 1.202736e-03
-7.093491e-01 1.237201e-03
-5.679512e-01 1.266839e-03
-4.324774e-01 1.230215e-03
-3.055355e-01 1.081457e-03
-1.898392e-01 7.695671e-04
-8.811197e-02 1.032913e-03
-2.364638e-03 7.166690e-04
6.714389e-02 4.727457e-04
1.202914e-01 2.076158e-04
1.570478e-01 -1.511914e-05
1.774195e-01 -2.710928e-04
1.814000e-01 -1.371934e-04
1.689448e-01 -1.122608e-05
1.399752e-01 1.959780e-04
9.441199e-02 2.815039e-04
3.222833e-02 7.203519e-05
-4.649177e-02 1.224353e-04
-1.415080e-01 6.734944e-04
-2.519516e-01 6.778633e-04
-3.750747e-01 4.270590e-04
-5.080749e-01 8.894959e-05
-6.481988e-01 -3.177742e-04
-7.928338e-01 -7.547114e-04
-9.395758e-01 -1.215944e-03
-1.086264e+00 -1.624080e-03
-1.230981e+00 -1.991705e-03
-1.372030e+00 -2.271825e-03
-1.507893e+00 -2.626956e-03
-1.637185e+00 -2.899728e-03
-1.758618e+00 -3.177364e-03
-1.870982e+00 -3.469629e-03
-1.973153e+00 -4.327322e-03
-2.064111e+00 -3.905149e-03
-2.142979e+00 -2.971230e-03
-2.209057e+00 -2.524467e-03
-2.262318e+00 -2.211680e-03
-2.303971e+00 -1.902488e-03
-2.335327e+00 -1.574058e-03
-2.357678e+00 -1.230418e-03
-2.372161e+00 -8.706141e-04
-2.379622e+00 -4.345101e-04
-2.380509e+00 9.548055e-05
-2.374821e+00 7.072402e-04
-2.362120e+00 1.445403e-03
-2.341625e+00 2.293741e-03
-2.312364e+00 3.223056e-03
-2.273351e+00 4.424325e-03
-2.223765e+00 5.394687e-03
-2.163062e+00 6.919520e-03
-2.091008e+00 7.362335e-03
-2.007603e+00 9.937065e-03
-1.912929e+00 1.067944e-02
-1.806952e+00 1.196948e-02
-1.689363e+00 1.369595e-02
-1.559521e+00 1.547621e-02
-1.416575e+00 1.713834e-02
-1.259779e+00 1.873919e-02
-1.088993e+00 1.991503e-02
-9.052773e-01 2.082611e-02
-7.114505e-01 2.191198e-02
-5.124573e-01 2.361226e-02
-3.154085e-01 2.773226e-02
-1.292423e-01 3.745217e-02
3.593242e-02 4.932553e-02
1.696423e-01 4.244242e-02
2.617692e-01 8.134965e-02
3.029417e-01 6.776917e-02
3.124244e-01 5.994928e-02
3.075364e-01 5.397670e-02
3.030968e-01 4.919088e-02
3.098504e-01 4.239609e-02
3.330961e-01 3.651599e-02
3.719484e-01 2.846609e-02
4.195279e-01 2.371626e-02
4.640299e-01 2.428294e-02
4.903128e-01 3.987964e-02
4.815937e-01 1.848645e-02
4.209793e-01 3.027844e-02
2.989077e-01 2.957058e-02
1.278892e-01 9.074600e-03
-7.824199e-02 5.094467e-04
-3.053501e-01 -2.303706e-05
-5.401572e-01 1.716406e-03
-7.713058e-01 3.593968e-03
-9.901305e-01 5.044957e-03
-1.191003e+00 5.267362e-03
-1.371207e+00 4.747275e-03
-1.530413e+00 3.591464e-03
-1.669919e+00 1.920997e-03
-1.791847e+00 2.237579e-04
-1.898470e+00 -1.250154e-03
-1.991760e+00 -3.035400e-03
-2.073185e+00 -3.799555e-03
-2.143723e+00 -2.722962e-03
-2.204005e+00 -3.831553e-03
-2.254511e+00 -4.065012e-03
-2.295732e+00 -4.077339e-03
-2.328258e+00 -3.855550e-03
-2.352764e+00 -3.486704e-03
-2.369926e+00 -2.970215e-03
-2.380283e+00 -2.304538e-03
-2.384110e+00 -1.577286e-03
-2.381323e+00 -8.680846e-04
-2.371453e+00 -1.904822e-04
-2.353677e+00 4.641691e-04
-2.326908e+00 1.108382e-03
-2.289914e+00 1.945939e-03
-2.241441e+00 3.483422e-03
-2.180316e+00 2.380249e-03
-2.105522e+00 1.925809e-03
-2.018029e+00 1.352891e-03
-1.918845e+00 1.518597e-03
-1.809103e+00 1.421245e-03
-1.690023e+00 1.362990e-03
-1.562877e+00 1.233352e-03
-1.428978e+00 1.089439e-03
-1.289693e+00 9.340523e-04
-1.146466e+00 7.768875e-04
-1.000869e+00 6.268084e-04
-8.546391e-01 4.786655e-04
-7.097278e-01 2.990102e-04
-5.683137e-01 1.161810e-04
-4.327956e-01 -1.445516e-04
-3.057508e-01 -4.992355e-04
-1.898627e-01 -1.013598e-03
-8.783062e-02 -4.256304e-04
-1.687058e-03 -3.261728e-04
6.816953e-02 -2.307017e-04
1.214761e-01 -1.364516e-04
1.580793e-01 -9.926527e-06
1.778984e-01 7.088946e-05
1.808937e-01 5.485335e-04
1.670531e-01 1.014002e-03
1.364011e-01 1.544433e-03
8.903283e-02 1.991703e-03
2.516128e-02 2.371265e-03
-5.483142e-02 3.079496e-03
-1.503557e-01 2.978343e-03
-2.596026e-01 2.583452e-03
-3.804670e-01 2.180422e-03
-5.107493e-01 1.765596e-03
-6.482163e-01 1.292256e-03
-7.906581e-01 7.810581e-04
-9.359316e-01 2.640517e-04
-1.081988e+00 -2.415466e-04
-1.226880e+00 -7.297779e-04
-1.368762e+00 -1.181594e-03
-1.505880e+00 -1.567166e-03
-1.636569e+00 -1.955002e-03
-1.759274e+00 -2.220000e-03
-1.872580e+00 -2.551562e-03
-1.975275e+00 -3.244528e-03
-2.066422e+00 -3.574998e-03
-2.145434e+00 -2.456365e-03
-2.212135e+00 -2.038817e-03
-2.266777e+00 -1.878683e-03
-2.310012e+00 -1.720601e-03
-2.342805e+00 -1.598439e-03
-2.366284e+00 -1.499249e-03
-2.381561e+00 -1.426528e-03
-2.389540e+00 -1.311288e-03
-2.390755e+00 -1.073877e-03
-2.385267e+00 -7.643588e-04
-2.372658e+00 -3.069044e-04
-2.352115e+00 3.495726e-04
-2.322610e+00 1.258676e-03
-2.283122e+00 2.672252e-03
-2.232863e+00 3.946513e-03
-2.171444e+00 5.199875e-03
-2.098931e+00 5.255537e-03
-2.015765e+00 9.266423e-03
-1.922553e+00 1.167208e-02
-1.819776e+00 1.507728e-02
-1.707489e+00 1.951834e-02
-1.585098e+00 2.468111e-02
-1.451317e+00 3.031829e-02
-1.304361e+00 3.625540e-02
-1.142401e+00 4.206856e-02
-9.642543e-01 4.733749e-02
-7.702277e-01 5.214567e-02
-5.629596e-01 5.627822e-02
-3.481029e-01 6.087785e-02
-1.346536e-01 7.027073e-02
6.522433e-02 7.847551e-02
2.369465e-01 8.516260e-02
3.647569e-01 1.094424e-01
4.332300e-01 8.353285e-02
4.340508e-01 7.897938e-02
3.775677e-01 9.418295e-02
2.767015e-01 1.243105e-01
1.458620e-01 1.169814e-01
0.000000e+00 0.000000e+00
