-3.499998e+01 1.993961e+01 0.000000e+00
-3.400054e+01 1.991657e+01 -2.906414e-03
-3.300326e+01 1.984745e+01 -1.151868e-02
-3.201029e+01 1.973246e+01 -2.591312e-02
-3.102376e+01 1.957193e+01 -4.614910e-02
-3.004577e+01 1.936633e+01 -7.226922e-02
-2.907837e+01 1.911625e+01 -1.042993e-01
-2.812356e+01 1.882240e+01 -1.422490e-01
-2.718330e+01 1.848563e+01 -1.861123e-01
-2.625944e+01 1.810687e+01 -2.358677e-01
-2.535378e+01 1.768718e+01 -2.914794e-01
-2.446802e+01 1.722769e+01 -3.528976e-01
-2.360378e+01 1.672966e+01 -4.200594e-01
-2.276255e+01 1.619438e+01 -4.928912e-01
-2.194576e+01 1.562324e+01 -5.713047e-01
-2.115468e+01 1.501771e+01 -6.551022e-01
-2.039044e+01 1.437930e+01 -7.439707e-01
-1.965407e+01 1.370957e+01 -8.375858e-01
-1.894646e+01 1.301012e+01 -9.356201e-01
-1.826841e+01 1.228253e+01 -1.037743e+00
-1.762057e+01 1.152843e+01 -1.143624e+00
-1.700349e+01 1.074941e+01 -1.252928e+00
-1.641761e+01 9.947091e+00 -1.365324e+00
-1.586325e+01 9.123044e+00 -1.480483e+00
-1.534063e+01 8.278833e+00 -1.598078e+00
-1.484988e+01 7.415991e+00 -1.717788e+00
-1.439103e+01 6.536012e+00 -1.839300e+00
-1.396400e+01 5.640351e+00 -1.962305e+00
-1.356864e+01 4.730417e+00 -2.086504e+00
-1.320473e+01 3.807571e+00 -2.211603e+00
-1.287197e+01 2.873118e+00 -2.337317e+00
-1.256997e+01 1.928310e+00 -2.463369e+00
-1.229830e+01 9.743389e-01 -2.589490e+00
-1.205648e+01 1.233773e-02 -2.715421e+00
-1.184394e+01 -9.566214e-01 -2.840911e+00
-1.166012e+01 -1.931528e+00 -2.965718e+00
-1.150436e+01 -2.911435e+00 -3.089607e+00
-1.137599e+01 -3.895455e+00 -3.212353e+00
-1.127433e+01 -4.882766e+00 -3.333738e+00
-1.119862e+01 -5.872604e+00 -3.453553e+00
-1.114813e+01 -6.864266e+00 -3.571596e+00
-1.112207e+01 -7.857108e+00 -3.687675e+00
-1.111966e+01 -8.850544e+00 -3.801606e+00
-1.114009e+01 -9.844042e+00 -3.913211e+00
-1.118255e+01 -1.083713e+01 -4.022317e+00
-1.124621e+01 -1.182937e+01 -4.128758e+00
-1.133025e+01 -1.282040e+01 -4.232373e+00
-1.143384e+01 -1.380989e+01 -4.333005e+00
-1.155615e+01 -1.479756e+01 -4.430502e+00
-1.169635e+01 -1.578318e+01 -4.524720e+00
-1.185362e+01 -1.676654e+01 -4.615514e+00
-1.202712e+01 -1.774749e+01 -4.702746e+00
-1.221604e+01 -1.872592e+01 -4.786274e+00
-1.241957e+01 -1.970174e+01 -4.865967e+00
-1.263687e+01 -2.067490e+01 -4.941791e+00
-1.286711e+01 -2.164538e+01 -5.013735e+00
-1.310947e+01 -2.261318e+01 -5.081796e+00
-1.336314e+01 -2.357836e+01 -5.145968e+00
-1.362730e+01 -2.454096e+01 -5.206247e+00
-1.390116e+01 -2.550110e+01 -5.262627e+00
-1.418393e+01 -2.645887e+01 -5.315103e+00
-1.447482e+01 -2.741442e+01 -5.363669e+00
-1.477305e+01 -2.836789e+01 -5.408316e+00
-1.507787e+01 -2.931946e+01 -5.449035e+00
-1.538849e+01 -3.026930e+01 -5.485815e+00
-1.570418e+01 -3.121763e+01 -5.518645e+00
-1.602417e+01 -3.216464e+01 -5.547509e+00
-1.634773e+01 -3.311055e+01 -5.572393e+00
-1.667409e+01 -3.405560e+01 -5.593279e+00
-1.700254e+01 -3.500000e+01 -5.610146e+00
-1.733223e+01 -3.594400e+01 -5.622971e+00
-1.766261e+01 -3.688784e+01 -5.631730e+00
-1.799287e+01 -3.783175e+01 -5.636394e+00
-1.832225e+01 -3.877598e+01 -5.636932e+00
-1.865002e+01 -3.972076e+01 -5.633310e+00
-1.897545e+01 -4.066633e+01 -5.625492e+00
-1.929780e+01 -4.161291e+01 -5.613440e+00
-1.961631e+01 -4.256071e+01 -5.597113e+00
-1.993025e+01 -4.350996e+01 -5.576469e+00
-2.023885e+01 -4.446085e+01 -5.551464e+00
-2.054137e+01 -4.541356e+01 -5.522051e+00
-2.083703e+01 -4.636828e+01 -5.488181e+00
-2.112507e+01 -4.732515e+01 -5.449804e+00
-2.140470e+01 -4.828431e+01 -5.406866e+00
-2.167514e+01 -4.924589e+01 -5.359314e+00
-2.193560e+01 -5.020997e+01 -5.307092e+00
-2.218528e+01 -5.117664e+01 -5.250146e+00
-2.242336e+01 -5.214593e+01 -5.188419e+00
-2.264903e+01 -5.311786e+01 -5.121855e+00
-2.286146e+01 -5.409242e+01 -5.050396e+00
-2.305983e+01 -5.506956e+01 -4.973992e+00
-2.324331e+01 -5.604920e+01 -4.892688e+00
-2.341109e+01 -5.703125e+01 -4.806642e+00
-2.356237e+01 -5.801556e+01 -4.716015e+00
-2.369632e+01 -5.900196e+01 -4.620971e+00
-2.381212e+01 -5.999024e+01 -4.521675e+00
-2.390896e+01 -6.098012e+01 -4.418300e+00
-2.398601e+01 -6.197133e+01 -4.311020e+00
-2.404247e+01 -6.296351e+01 -4.200016e+00
-2.407750e+01 -6.395626e+01 -4.085472e+00
-2.409032e+01 -6.494916e+01 -3.967580e+00
-2.408011e+01 -6.594170e+01 -3.846536e+00
-2.404610e+01 -6.693334e+01 -3.722544e+00
-2.398751e+01 -6.792348e+01 -3.595817e+00
-2.390358e+01 -6.891147e+01 -3.466575e+00
-2.379360e+01 -6.989658e+01 -3.335046e+00
-2.365684e+01 -7.087805e+01 -3.201469e+00
-2.349263e+01 -7.185505e+01 -3.066090e+00
-2.330032e+01 -7.282669e+01 -2.929168e+00
-2.307932e+01 -7.379202e+01 -2.790968e+00
-2.282905e+01 -7.475002e+01 -2.651768e+00
-2.254900e+01 -7.569963e+01 -2.511854e+00
-2.223871e+01 -7.663973e+01 -2.371522e+00
-2.189777e+01 -7.756912e+01 -2.231080e+00
-2.152584e+01 -7.848658e+01 -2.090843e+00
-2.112265e+01 -7.939080e+01 -1.951137e+00
-2.068799e+01 -8.028046e+01 -1.812299e+00
-2.022174e+01 -8.115415e+01 -1.674671e+00
-1.972386e+01 -8.201047e+01 -1.538607e+00
-1.919442e+01 -8.284793e+01 -1.404464e+00
-1.863354e+01 -8.366504e+01 -1.272610e+00
-1.804149e+01 -8.446027e+01 -1.143416e+00
-1.741860e+01 -8.523208e+01 -1.017259e+00
-1.676533e+01 -8.597892e+01 -8.945204e-01
-1.608225e+01 -8.669921e+01 -7.755819e-01
-1.537002e+01 -8.739139e+01 -6.608275e-01
-1.462944e+01 -8.805392e+01 -5.506405e-01
-1.386141e+01 -8.868525e+01 -4.454012e-01
-1.306695e+01 -8.928390e+01 -3.454886e-01
-1.224721e+01 -8.984838e+01 -2.512659e-01
-1.140344e+01 -9.037730e+01 -1.629715e-01
-1.053704e+01 -9.086932e+01 -8.082781e-02
-9.649482e+00 -9.132317e+01 -5.047407e-03
-8.742353e+00 -9.173764e+01 6.417006e-02
-7.817322e+00 -9.211164e+01 1.266393e-01
-6.876148e+00 -9.244414e+01 1.821907e-01
-5.920667e+00 -9.273422e+01 2.306709e-01
-4.952787e+00 -9.298109e+01 2.719444e-01
-3.974476e+00 -9.318403e+01 3.058942e-01
-2.987755e+00 -9.334248e+01 3.324234e-01
-1.994688e+00 -9.345599e+01 3.514556e-01
-9.973736e-01 -9.352422e+01 3.629356e-01
2.071297e-03 -9.354698e+01 3.668300e-01
1.001516e+00 -9.352420e+01 3.631273e-01
1.998832e+00 -9.345595e+01 3.518383e-01
2.991901e+00 -9.334243e+01 3.329956e-01
3.978624e+00 -9.318397e+01 3.066537e-01
4.956939e+00 -9.298101e+01 2.728880e-01
5.924824e+00 -9.273413e+01 2.317945e-01
6.880310e+00 -9.244404e+01 1.834888e-01
7.821490e+00 -9.211152e+01 1.281053e-01
8.746526e+00 -9.173752e+01 6.579650e-02
9.653662e+00 -9.132303e+01 -3.268345e-03
1.054122e+01 -9.086917e+01 -7.890383e-02
1.140763e+01 -9.037713e+01 -1.609098e-01
1.225140e+01 -8.984819e+01 -2.490733e-01
1.307115e+01 -8.928369e+01 -3.431711e-01
1.386560e+01 -8.868503e+01 -4.429648e-01
1.463362e+01 -8.805366e+01 -5.480916e-01
1.537419e+01 -8.739111e+01 -6.581727e-01
1.608641e+01 -8.669890e+01 -7.728280e-01
1.676948e+01 -8.597858e+01 -8.916750e-01
1.742273e+01 -8.523171e+01 -1.014330e+00
1.804560e+01 -8.445987e+01 -1.140411e+00
1.863763e+01 -8.366461e+01 -1.269537e+00
1.919847e+01 -8.284747e+01 -1.401332e+00
1.972788e+01 -8.200998e+01 -1.535423e+00
2.022572e+01 -8.115364e+01 -1.671447e+00
2.069193e+01 -8.027992e+01 -1.809042e+00
2.112655e+01 -7.939024e+01 -1.947857e+00
2.152969e+01 -7.848599e+01 -2.087546e+00
2.190157e+01 -7.756851e+01 -2.227773e+00
2.224244e+01 -7.663909e+01 -2.368212e+00
2.255267e+01 -7.569897e+01 -2.508545e+00
2.283264e+01 -7.474934e+01 -2.648465e+00
2.308284e+01 -7.379132e+01 -2.787677e+00
2.330376e+01 -7.282598e+01 -2.925891e+00
2.349598e+01 -7.185433e+01 -3.062832e+00
2.366010e+01 -7.087731e+01 -3.198231e+00
2.379677e+01 -6.989583e+01 -3.331831e+00
2.390667e+01 -6.891071e+01 -3.463384e+00
2.399050e+01 -6.792272e+01 -3.592652e+00
2.404899e+01 -6.693258e+01 -3.719408e+00
2.408290e+01 -6.594094e+01 -3.843431e+00
2.409301e+01 -6.494840e+01 -3.964508e+00
2.408010e+01 -6.395551e+01 -4.082435e+00
2.404496e+01 -6.296276e+01 -4.197013e+00
2.398840e+01 -6.197059e+01 -4.308051e+00
2.391124e+01 -6.097940e+01 -4.415365e+00
2.381429e+01 -5.998952e+01 -4.518775e+00
2.369838e+01 -5.900127e+01 -4.618107e+00
2.356433e+01 -5.801489e+01 -4.713191e+00
2.341294e+01 -5.703060e+01 -4.803859e+00
2.324505e+01 -5.604857e+01 -4.889946e+00
2.306146e+01 -5.506895e+01 -4.971291e+00
2.286298e+01 -5.409183e+01 -5.047735e+00
2.265044e+01 -5.311730e+01 -5.119230e+00
2.242466e+01 -5.214540e+01 -5.185829e+00
2.218646e+01 -5.117614e+01 -5.247588e+00
2.193668e+01 -5.020950e+01 -5.304564e+00
2.167611e+01 -4.924545e+01 -5.356813e+00
2.140556e+01 -4.828390e+01 -5.404389e+00
2.112582e+01 -4.732477e+01 -5.447348e+00
2.083768e+01 -4.636793e+01 -5.485741e+00
2.054191e+01 -4.541325e+01 -5.519621e+00
2.023930e+01 -4.446057e+01 -5.549040e+00
1.993060e+01 -4.350971e+01 -5.574048e+00
1.961657e+01 -4.256049e+01 -5.594691e+00
1.929796e+01 -4.161272e+01 -5.611014e+00
1.897553e+01 -4.066617e+01 -5.623060e+00
1.865002e+01 -3.972064e+01 -5.630870e+00
1.832216e+01 -3.877588e+01 -5.634482e+00
1.799271e+01 -3.783168e+01 -5.633932e+00
1.766238e+01 -3.688779e+01 -5.629254e+00
1.733193e+01 -3.594398e+01 -5.620479e+00
1.700208e+01 -3.500000e+01 -5.607636e+00
1.667347e+01 -3.405562e+01 -5.590750e+00
1.634704e+01 -3.311060e+01 -5.569845e+00
1.602343e+01 -3.216470e+01 -5.544939e+00
1.570338e+01 -3.121771e+01 -5.516052e+00
1.538764e+01 -3.026941e+01 -5.483199e+00
1.507696e+01 -2.931958e+01 -5.446394e+00
1.477209e+01 -2.836803e+01 -5.405649e+00
1.447381e+01 -2.741457e+01 -5.360973e+00
1.418288e+01 -2.645904e+01 -5.312375e+00
1.390008e+01 -2.550128e+01 -5.259861e+00
1.362618e+01 -2.454116e+01 -5.203439e+00
1.336199e+01 -2.357857e+01 -5.143114e+00
1.310830e+01 -2.261340e+01 -5.078893e+00
1.286592e+01 -2.164561e+01 -5.010782e+00
1.263566e+01 -2.067514e+01 -4.938786e+00
1.241835e+01 -1.970198e+01 -4.862910e+00
1.221483e+01 -1.872617e+01 -4.783163e+00
1.202591e+01 -1.774774e+01 -4.699578e+00
1.185242e+01 -1.676679e+01 -4.612287e+00
1.169517e+01 -1.578344e+01 -4.521431e+00
1.155498e+01 -1.479783e+01 -4.427152e+00
1.143269e+01 -1.381016e+01 -4.329595e+00
1.132912e+01 -1.282067e+01 -4.228907e+00
1.124510e+01 -1.182964e+01 -4.125241e+00
1.118147e+01 -1.083740e+01 -4.018752e+00
1.113904e+01 -9.844323e+00 -3.909600e+00
1.111865e+01 -8.850829e+00 -3.797953e+00
1.112110e+01 -7.857398e+00 -3.683983e+00
1.114720e+01 -6.864561e+00 -3.567869e+00
1.119774e+01 -5.872905e+00 -3.449798e+00
1.127349e+01 -4.883073e+00 -3.329961e+00
1.137521e+01 -3.895770e+00 -3.208558e+00
1.150362e+01 -2.911758e+00 -3.085797e+00
1.165944e+01 -1.931862e+00 -2.961896e+00
1.184332e+01 -9.569670e-01 -2.837078e+00
1.205590e+01 1.197895e-02 -2.711579e+00
1.229778e+01 9.739658e-01 -2.585643e+00
1.256950e+01 1.927922e+00 -2.459522e+00
1.287155e+01 2.872714e+00 -2.333476e+00
1.320437e+01 3.807150e+00 -2.207773e+00
1.356833e+01 4.729980e+00 -2.082691e+00
1.396373e+01 5.639896e+00 -1.958516e+00
1.439081e+01 6.535540e+00 -1.835542e+00
1.484970e+01 7.415504e+00 -1.714073e+00
1.534049e+01 8.278332e+00 -1.594416e+00
1.586314e+01 9.122530e+00 -1.476887e+00
1.641753e+01 9.946567e+00 -1.361807e+00
1.700344e+01 1.074888e+01 -1.249499e+00
1.762055e+01 1.152789e+01 -1.140292e+00
1.826841e+01 1.228199e+01 -1.034516e+00
1.894648e+01 1.300957e+01 -9.325029e-01
1.965410e+01 1.370903e+01 -8.345853e-01
2.039049e+01 1.437875e+01 -7.410943e-01
2.115474e+01 1.501716e+01 -6.523578e-01
2.194584e+01 1.562270e+01 -5.687006e-01
2.276264e+01 1.619385e+01 -4.904360e-01
2.360386e+01 1.672914e+01 -4.177615e-01
2.446811e+01 1.722720e+01 -3.507655e-01
2.535387e+01 1.768671e+01 -2.895213e-01
2.625953e+01 1.810643e+01 -2.340910e-01
2.718338e+01 1.848522e+01 -1.845234e-01
2.812364e+01 1.882203e+01 -1.408530e-01
2.907844e+01 1.911592e+01 -1.030997e-01
3.004584e+01 1.936605e+01 -7.126831e-02
3.102382e+01 1.957170e+01 -4.534816e-02
3.201035e+01 1.973228e+01 -2.531255e-02
3.300331e+01 1.984733e+01 -1.111850e-02
3.400059e+01 1.991651e+01 -2.706410e-03