65536 1.245455e+01 
131072 9.250946e+00 
262144 8.845660e+00 
524288 8.864375e+00 
1048576 8.922462e+00 
2097152 1.259041e+01 
4194304 9.991582e+00 
8388608 1.424942e+01 
65536 1.098325e+02 
131072 9.065207e+01 
262144 7.865263e+01 
524288 7.290181e+01 
1048576 7.247282e+01 
2097152 7.538351e+01 
4194304 8.116508e+01 
8388608 9.591865e+01 
65536 7.238145e+02 
131072 6.412238e+02 
262144 6.379383e+02 
524288 6.617172e+02 
1048576 7.006752e+02 
2097152 8.093383e+02 
4194304 9.886932e+02 
8388608 1.350003e+03 
1048576 2.141068e+03 
1048576 2.077317e+03 
1048576 1.903585e+03 
1048576 2.087201e+03 
1048576 1.035046e+03 
1048576 1.792696e+01 
1048576 1.669702e+01 
1048576 2.042275e+03 
1048576 2.068305e+03 
1048576 1.505458e+03 
1048576 2.349973e+03 
1048576 2.554872e+03 
1048576 8.460125e+02 
1048576 2.839187e-01 
1048576 8.404095e+02 
1048576 8.949980e+02 
1048576 1.719859e+03 
1048576 2.342396e+03 
